13:17,37.78,370,0
13:17,37.76,418,1
13:17,37.75,113,1
13:17,37.75,265,1
13:17,37.75,364,1
13:17,37.75,259,0
13:17,37.74,120,0
13:17,37.73,250,1
13:17,37.72,193,1
13:17,37.73,363,0
13:17,37.72,462,1
13:17,37.73,250,0
13:17,37.72,433,1
13:17,37.72,291,1
13:17,37.72,221,1
13:17,37.71,335,1
13:17,37.72,136,0
13:17,37.71,277,1
13:18,37.71,316,1
13:18,37.71,201,1
13:18,37.71,282,1
13:18,37.71,792,1
13:18,37.71,214,0
13:18,37.69,2044,1
13:18,37.7,349,2
13:18,37.69,324,1
13:18,37.68,145,1
13:18,37.68,1454,1
13:18,37.67,191,1
13:18,37.68,354,0
13:18,37.68,804,0
13:18,37.67,299,1
13:18,37.67,259,2
13:18,37.66,257,1
13:18,37.66,708,1
13:18,37.66,438,1
13:18,37.66,253,0
13:18,37.65,206,1
13:19,37.65,807,1
13:19,37.64,241,1
13:19,37.64,165,1
13:19,37.64,331,0
13:19,37.69,3684,0
13:19,37.64,887,1
13:19,37.69,159,0
13:19,37.69,77,1
13:19,37.68,60,2
13:19,37.68,450,1
13:19,37.67,295,1
13:19,37.67,230,0
13:19,37.68,684,0
13:19,37.67,246,1
13:19,37.68,594,0
13:19,37.68,397,0
13:19,37.68,168,0
13:19,37.68,122,1
13:19,37.7,732,0
13:19,37.71,149,0
13:20,37.7,385,1
13:20,37.71,287,0
13:20,37.7,268,0
13:20,37.69,189,1
13:20,37.71,153,0
13:20,37.7,73,1
13:20,37.7,65,1
13:20,37.71,152,0
13:20,37.71,176,0
13:20,37.71,102,1
13:20,37.71,67,1
13:20,37.72,92,0
13:20,37.72,110,0
13:20,37.72,190,1
13:20,37.72,137,0
13:20,37.72,173,0
13:20,37.72,206,1
13:20,37.72,248,1
13:20,37.72,4409,1
13:20,37.7,486,0
13:21,37.71,257,0
13:21,37.7,940,0
13:21,37.67,334,1
13:21,37.7,205,0
13:21,37.7,127,0
13:21,37.66,328,1
13:21,37.68,405,0
13:21,37.68,456,0
13:21,37.67,340,2
13:21,37.66,486,1
13:21,37.66,176,0
13:21,37.65,252,2
13:21,37.65,269,0
13:21,37.64,384,1
13:21,37.64,233,1
13:21,37.64,222,1
13:21,37.64,191,1
13:21,37.65,401,0
13:21,37.64,347,1
13:21,37.62,1570,1
13:22,37.64,281,1
13:22,37.62,228,1
13:22,37.64,138,0
13:22,37.62,1186,1
13:22,37.61,197,1
13:22,37.61,720,1
13:22,37.61,717,1
13:22,37.61,162,0
13:22,37.6,251,1
13:22,37.6,647,1
13:22,37.61,472,0
13:22,37.6,352,1
13:22,37.6,223,1
13:22,37.6,2137,1
13:22,37.6,181,0
13:22,37.59,237,1
13:22,37.59,1161,1
13:22,37.58,298,1
13:22,37.58,302,1
13:22,37.58,1541,1
13:23,37.57,266,1
13:23,37.57,520,1
13:23,37.56,396,1
13:23,37.56,672,1
13:23,37.56,200,0
13:23,37.56,530,0
13:23,37.59,1785,0
13:23,37.59,1546,1
13:23,37.59,366,1
13:23,37.59,110,0
13:23,37.58,257,1
13:23,37.58,145,0
13:23,37.59,221,0
13:23,37.58,327,2
13:23,37.59,287,0
13:23,37.59,300,0
13:23,37.59,944,0
13:23,37.59,378,0
13:23,37.59,396,0
13:23,37.59,262,0
13:24,37.6,942,0
13:24,37.59,616,1
13:24,37.6,245,1
13:24,37.62,112,0
13:24,37.62,997,0
13:24,37.63,81,0
13:24,37.63,31,0
13:24,37.64,48,0
13:24,37.65,100,0
13:24,37.65,124,0
13:24,37.66,20,0
13:24,37.66,111,0
13:24,37.66,505,1
13:24,37.66,270,1
13:24,37.67,219,2
13:24,37.67,1356,0
13:24,37.68,812,2
13:24,37.67,164,1
13:24,37.68,200,0
13:24,37.68,359,0
13:25,37.68,221,0
13:25,37.69,2079,0
13:25,37.66,504,1
13:25,37.66,158,1
13:25,37.66,90,1
13:25,37.65,508,1
13:25,37.66,127,1
13:25,37.66,119,0
13:25,37.66,91,0
13:25,37.64,236,1
13:25,37.64,73,0
13:25,37.64,107,0
13:25,37.63,146,1
13:25,37.62,125,1
13:25,37.62,266,1
13:25,37.61,141,1
13:25,37.62,482,0
13:25,37.61,161,1
13:25,37.6,822,1
13:25,37.59,71,1
13:26,37.59,250,1
13:26,37.59,466,0
13:26,37.58,200,1
13:26,37.6,1535,0
13:26,37.58,237,1
13:26,37.58,128,0
13:26,37.57,643,1
13:26,37.57,65,0
13:26,37.56,164,2
13:26,37.55,199,1
13:26,37.55,153,1
13:26,37.56,132,0
13:26,37.55,157,1
13:26,37.56,478,0
13:26,37.55,437,1
13:26,37.56,786,0
13:26,37.54,143,1
13:26,37.53,128,1
13:26,37.54,237,0
13:26,37.54,182,1
13:27,37.54,764,1
13:27,37.54,1354,1
13:27,37.54,332,1
13:27,37.54,205,0
13:27,37.54,348,1
13:27,37.54,154,1
13:27,37.55,229,0
13:27,37.55,531,0
13:27,37.54,218,1
13:27,37.56,102,0
13:27,37.55,357,1
13:27,37.55,136,1
13:27,37.55,125,1
13:27,37.55,238,1
13:27,37.56,206,0
13:27,37.55,166,1
13:27,37.56,144,0
13:27,37.56,61,1
13:27,37.56,208,1
13:27,37.55,388,1
13:28,37.56,46,0
13:28,37.55,173,1
13:28,37.56,71,0
13:28,37.55,151,1
13:28,37.56,241,0
13:28,37.56,203,0
13:28,37.56,173,0
13:28,37.56,76,1
13:28,37.57,289,0
13:28,37.56,132,1
13:28,37.56,113,0
13:28,37.55,328,1
13:28,37.56,130,0
13:28,37.56,412,2
13:28,37.56,116,1
13:28,37.56,186,1
13:28,37.55,210,1
13:28,37.56,94,0
13:28,37.56,270,0
13:28,37.56,180,0
13:29,37.56,110,0
13:29,37.58,951,0
13:29,37.58,162,0
13:29,37.6,1574,0
13:29,37.58,167,1
13:29,37.59,200,0
13:29,37.6,53,0
13:29,37.6,15,0
13:29,37.6,517,0
13:29,37.6,162,0
13:29,37.6,151,0
13:29,37.59,339,1
13:29,37.6,322,0
13:29,37.6,123,0
13:29,37.61,56,0
13:29,37.61,200,0
13:29,37.61,19,1
13:29,37.62,66,0
13:29,37.62,81,1
13:29,37.62,100,1
13:30,37.62,127,1
13:30,37.63,166,0
13:30,37.63,141,0
13:30,37.64,73,0
13:30,37.62,1075,1
13:30,37.63,185,0
13:30,37.62,528,2
13:30,37.63,291,0
13:30,37.63,64,0
13:30,37.63,64,0
13:30,37.63,242,0
13:30,37.63,155,0
13:30,37.62,82,1
13:30,37.62,52,1
13:30,37.62,51,1
13:30,37.63,87,1
13:30,37.62,58,1
13:30,37.63,86,0
13:30,37.62,102,1
13:30,37.62,145,1
13:31,37.63,123,0
13:31,37.62,143,1
13:31,37.63,378,0
13:31,37.63,131,1
13:31,37.63,715,0
13:31,37.63,172,0
13:31,37.63,40,1
13:31,37.64,73,0
13:31,37.64,113,0
13:31,37.61,1157,1
13:31,37.61,134,1
13:31,37.62,23,2
13:31,37.61,230,1
13:31,37.62,822,0
13:31,37.61,75,1
13:31,37.62,215,0
13:31,37.61,325,1
13:31,37.61,190,1
13:31,37.61,96,1
13:31,37.6,191,1
13:32,37.6,805,1
13:32,37.6,171,1
13:32,37.61,106,2
13:32,37.61,186,0
13:32,37.62,119,0
13:32,37.6,152,1
13:32,37.62,57,0
13:32,37.62,278,0
13:32,37.6,91,1
13:32,37.62,447,0
13:32,37.62,93,1
13:32,37.62,35,0
13:32,37.62,73,0
13:32,37.62,117,0
13:32,37.62,68,0
13:32,37.61,122,1
13:32,37.61,48,0
13:32,37.61,94,0
13:32,37.62,105,0
13:32,37.61,55,2
13:33,37.61,135,1
13:33,37.61,102,0
13:33,37.61,53,0
13:33,37.6,294,1
13:33,37.6,356,0
13:33,37.58,85,1
13:33,37.57,337,1
13:33,37.57,50,1
13:33,37.57,69,1
13:33,37.57,403,1
13:33,37.56,170,1
13:33,37.56,417,1
13:33,37.56,65,0
13:33,37.55,191,1
13:33,37.55,471,1
13:33,37.55,414,1
13:33,37.55,184,0
13:33,37.55,228,0
13:33,37.54,551,1
13:33,37.54,44,0
13:34,37.53,184,1
13:34,37.53,237,1
13:34,37.53,267,0
13:34,37.53,549,0
13:34,37.52,472,1
13:34,37.52,288,0
13:34,37.53,1020,0
13:34,37.53,415,1
13:34,37.54,784,1
13:34,37.54,121,1
13:34,37.54,439,1
13:34,37.54,107,1
13:34,37.55,87,1
13:34,37.55,155,1
13:34,37.56,80,2
13:34,37.55,189,1
13:34,37.55,169,0
13:34,37.55,283,0
13:34,37.56,326,0
13:34,37.55,216,1
13:35,37.56,124,0
13:35,37.55,57,1
13:35,37.56,137,0
13:35,37.56,43,1
13:35,37.56,241,1
13:35,37.57,505,0
13:35,37.56,179,1
13:35,37.55,261,1
13:35,37.57,103,0
13:35,37.57,141,0
13:35,37.56,87,1
13:35,37.57,92,0
13:35,37.56,115,1
13:35,37.56,152,1
13:35,37.55,96,1
13:35,37.56,188,0
13:35,37.56,44,0
13:35,37.55,255,1
13:35,37.55,315,1
13:35,37.56,346,0
13:36,37.55,215,1
13:36,37.55,181,0
13:36,37.55,128,0
13:36,37.55,54,0
13:36,37.54,199,1
13:36,37.55,120,0
13:36,37.54,103,1
13:36,37.54,100,1
13:36,37.55,42,0
13:36,37.54,74,1
13:36,37.55,70,0
13:36,37.54,171,1
13:36,37.54,671,0
13:36,37.54,252,1
13:36,37.55,51,2
13:36,37.55,28,1
13:36,37.55,147,0
13:36,37.54,92,1
13:36,37.54,41,0
13:36,37.54,214,0
13:37,37.53,125,1
13:37,37.54,103,0
13:37,37.54,84,0
13:37,37.53,106,1
13:37,37.54,185,0
13:37,37.53,345,1
13:37,37.53,75,0
13:37,37.53,75,0
13:37,37.52,5092,1
13:37,37.51,122,2
13:37,37.52,61,0
13:37,37.5,165,1
13:37,37.5,178,1
13:37,37.51,1693,0
13:37,37.5,490,1
13:37,37.5,691,1
13:37,37.5,739,1
13:37,37.5,597,1
13:37,37.5,188,0
13:37,37.49,251,1
13:38,37.49,131,0
13:38,37.49,77,0
13:38,37.48,552,1
13:38,37.48,94,0
13:38,37.47,75,1
13:38,37.48,200,0
13:38,37.47,263,1
13:38,37.47,356,0
13:38,37.46,243,1
13:38,37.46,972,1
13:38,37.45,79,1
13:38,37.46,204,0
13:38,37.45,929,1
13:38,37.45,446,1
13:38,37.45,152,1
13:38,37.45,212,0
13:38,37.45,320,0
13:38,37.44,241,1
13:38,37.44,480,1
13:38,37.43,288,1
13:39,37.43,402,1
13:39,37.43,239,1
13:39,37.4,4137,1
13:39,37.4,716,0
13:39,37.38,814,1
13:39,37.39,668,1
13:39,37.38,303,1
13:39,37.38,561,1
13:39,37.37,445,1
13:39,37.37,844,1
13:39,37.36,194,1
13:39,37.36,355,1
13:39,37.36,343,1
13:39,37.34,266,1
13:39,37.34,186,1
13:39,37.37,3801,0
13:39,37.34,414,1
13:39,37.35,1543,0
13:39,37.35,755,1
13:39,37.37,1536,2
13:40,37.37,250,1
13:40,37.38,333,1
13:40,37.38,260,0
13:40,37.4,388,0
13:40,37.4,107,0
13:40,37.4,227,0
13:40,37.4,270,0
13:40,37.4,492,0
13:40,37.4,207,0
13:40,37.4,126,1
13:40,37.4,123,1
13:40,37.42,138,0
13:40,37.42,101,1
13:40,37.43,322,0
13:40,37.43,172,0
13:40,37.42,679,1
13:40,37.42,120,0
13:40,37.42,275,0
13:40,37.43,166,0
13:40,37.41,104,1
13:41,37.43,137,0
13:41,37.41,269,1
13:41,37.42,134,2
13:41,37.41,116,1
13:41,37.41,270,1
13:41,37.41,60,1
13:41,37.41,328,1
13:41,37.42,434,0
13:41,37.41,636,1
13:41,37.4,414,1
13:41,37.41,160,0
13:41,37.4,1191,1
13:41,37.4,97,0
13:41,37.4,163,0
13:41,37.39,995,1
13:41,37.39,81,0
13:41,37.37,142,1
13:41,37.37,357,1
13:41,37.37,232,1
13:41,37.36,224,1
13:42,37.35,126,1
13:42,37.35,536,1
13:42,37.34,192,1
13:42,37.34,197,1
13:42,37.32,1079,1
13:42,37.33,148,0
13:42,37.32,947,1
13:42,37.32,431,0
13:42,37.31,312,1
13:42,37.3,1095,1
13:42,37.31,1710,0
13:42,37.32,1259,2
13:42,37.32,720,1
13:42,37.32,509,1
13:42,37.34,394,0
13:42,37.33,215,1
13:42,37.32,607,1
13:42,37.34,251,0
13:42,37.34,445,0
13:42,37.33,356,1
13:43,37.33,538,1
13:43,37.34,1284,2
13:43,37.34,295,1
13:43,37.36,337,0
13:43,37.38,372,0
13:43,37.39,360,0
13:43,37.39,383,0
13:43,37.39,86,0
13:43,37.4,83,0
13:43,37.4,158,0
13:43,37.41,110,0
13:43,37.42,165,0
13:43,37.43,377,0
13:43,37.42,678,1
13:43,37.43,333,0
13:43,37.43,91,0
13:43,37.45,1022,0
13:43,37.47,104,0
13:43,37.46,401,1
13:43,37.46,209,1
13:44,37.46,1376,1
13:44,37.46,269,0
13:44,37.48,378,0
13:44,37.48,60,0
13:44,37.48,263,0
13:44,37.48,138,1
13:44,37.48,396,1
13:44,37.48,370,1
13:44,37.48,633,1
13:44,37.47,189,1
13:44,37.47,176,0
13:44,37.45,463,1
13:44,37.44,497,1
13:44,37.47,384,0
13:44,37.46,204,1
13:44,37.43,246,1
13:44,37.45,167,0
13:44,37.45,107,0
13:44,37.45,77,0
13:44,37.44,149,2
13:45,37.44,362,1
13:45,37.44,148,1
13:45,37.44,119,0
13:45,37.43,231,1
13:45,37.43,165,1
13:45,37.43,329,1
13:45,37.43,76,1
13:45,37.43,268,1
13:45,37.44,68,0
13:45,37.44,348,0
13:45,37.42,1028,1
13:45,37.42,163,0
13:45,37.43,144,0
13:45,37.42,125,1
13:45,37.43,119,0
13:45,37.43,561,1
13:45,37.44,187,0
13:45,37.45,21,0
13:45,37.45,45,0
13:45,37.45,503,0
13:46,37.45,27,1
13:46,37.46,57,0
13:46,37.47,170,0
13:46,37.47,1772,0
13:46,37.48,97,0
13:46,37.47,221,1
13:46,37.48,251,0
13:46,37.49,431,0
13:46,37.5,265,0
13:46,37.5,85,0
13:46,37.5,266,0
13:46,37.5,45,0
13:46,37.5,252,1
13:46,37.51,129,0
13:46,37.51,125,1
13:46,37.53,152,0
13:46,37.53,144,0
13:46,37.53,289,0
13:46,37.52,594,1
13:46,37.53,762,0
13:47,37.54,186,0
13:47,37.55,239,0
13:47,37.55,288,0
13:47,37.56,100,0
13:47,37.54,935,1
13:47,37.55,847,0
13:47,37.54,175,0
13:47,37.55,227,1
13:47,37.56,101,0
13:47,37.56,71,0
13:47,37.56,119,0
13:47,37.56,40,1
13:47,37.57,113,0
13:47,37.57,97,0
13:47,37.57,84,0
13:47,37.58,160,0
13:47,37.57,96,1
13:47,37.57,1130,1
13:47,37.58,750,0
13:47,37.57,195,1
13:48,37.57,143,1
13:48,37.58,868,0
13:48,37.58,66,0
13:48,37.59,26,0
13:48,37.58,233,1
13:48,37.58,148,0
13:48,37.58,176,0
13:48,37.58,139,0
13:48,37.59,71,0
13:48,37.59,188,0
13:48,37.58,68,1
13:48,37.59,205,0
13:48,37.6,17,0
13:48,37.59,95,1
13:48,37.6,60,0
13:48,37.6,170,0
13:48,37.59,35,1
13:48,37.6,107,0
13:48,37.6,51,0
13:48,37.6,124,0
13:49,37.59,480,1
13:49,37.58,571,1
13:49,37.55,368,1
13:49,37.56,64,0
13:49,37.55,43,1
13:49,37.55,134,1
13:49,37.55,45,0
13:49,37.54,86,1
13:49,37.54,56,0
13:49,37.53,20,1
13:49,37.53,86,1
13:49,37.54,81,0
13:49,37.52,493,1
13:49,37.52,20,0
13:49,37.52,78,0
13:49,37.51,21,1
13:49,37.51,157,0
13:49,37.51,25,0
13:49,37.51,153,0
13:49,37.51,358,0
13:50,37.51,87,0
13:50,37.51,92,0
13:50,37.5,272,1
13:50,37.51,15,2
13:50,37.51,110,1
13:50,37.51,122,1
13:50,37.5,123,1
13:50,37.55,171,0
13:50,37.51,227,1
13:50,37.55,8,0
13:50,37.55,132,0
13:50,37.55,28,0
13:50,37.55,77,0
13:50,37.55,13,1
13:50,37.55,75,1
13:50,37.56,68,0
13:50,37.56,84,0
13:50,37.56,55,1
13:50,37.56,731,1
13:50,37.56,16,1
13:51,37.56,510,1
13:51,37.57,349,1
13:51,37.57,21,1
13:51,37.57,33,1
13:51,37.59,25,0
13:51,37.58,45,1
13:51,37.58,54,0
13:51,37.58,26,0
13:51,37.59,76,2
13:51,37.59,288,1
13:51,37.59,131,1
13:51,37.59,91,0
13:51,37.59,136,0
13:51,37.59,147,0
13:51,37.59,52,0
13:51,37.59,29,0
13:51,37.58,23,1
13:51,37.58,63,1
13:51,37.59,180,0
13:51,37.59,31,1
13:52,37.6,9,0
13:52,37.6,190,0
13:52,37.61,50,0
13:52,37.61,109,0
13:52,37.61,40,0
13:52,37.61,61,2
13:52,37.61,348,1
13:52,37.62,62,0
13:52,37.61,78,1
13:52,37.62,383,0
13:52,37.62,63,0
13:52,37.62,55,1
13:52,37.62,131,1
13:52,37.62,164,0
13:52,37.62,116,1
13:52,37.63,39,0
13:52,37.62,699,1
13:52,37.62,182,0
13:52,37.62,254,0
13:52,37.62,264,1
13:53,37.63,150,0
13:53,37.62,82,1
13:53,37.63,107,0
13:53,37.62,180,1
13:53,37.63,182,0
13:53,37.63,169,0
13:53,37.63,77,1
13:53,37.64,52,0
13:53,37.64,291,0
13:53,37.64,69,1
13:53,37.65,19,0
13:53,37.64,36,1
13:53,37.64,63,1
13:53,37.64,188,1
13:53,37.64,96,1
13:53,37.64,327,1
13:53,37.64,68,0
13:53,37.64,80,0
13:53,37.64,340,0
13:53,37.64,130,1
13:54,37.63,92,1
13:54,37.64,284,0
13:54,37.63,354,0
13:54,37.6,128,1
13:54,37.6,121,1
13:54,37.6,83,1
13:54,37.6,49,1
13:54,37.6,21,0
13:54,37.59,75,1
13:54,37.59,59,1
13:54,37.59,40,0
13:54,37.59,114,0
13:54,37.58,57,1
13:54,37.58,69,0
13:54,37.58,88,0
13:54,37.57,101,1
13:54,37.57,95,1
13:54,37.57,18,0
13:54,37.58,740,0
13:54,37.57,97,1
13:55,37.57,127,0
13:55,37.56,60,1
13:55,37.56,70,1
13:55,37.56,208,1
13:55,37.55,13,1
13:55,37.57,192,0
13:55,37.55,276,1
13:55,37.55,42,1
13:55,37.6,1255,0
13:55,37.63,221,0
13:55,37.59,47,1
13:55,37.59,48,1
13:55,37.58,109,1
13:55,37.59,64,0
13:55,37.59,49,0
13:55,37.59,74,1
13:55,37.66,1473,0
13:55,37.66,59,0
13:55,37.64,25,1
13:55,37.64,7,0
13:56,37.65,46,0
13:56,37.65,161,0
13:56,37.65,258,1
13:56,37.65,83,1
13:56,37.65,72,0
13:56,37.65,128,0
13:56,37.67,186,0
13:56,37.66,252,1
13:56,37.67,66,0
13:56,37.68,407,0
13:56,37.69,37,0
13:56,37.69,136,0
13:56,37.69,366,0
13:56,37.68,122,2
13:56,37.68,106,0
13:56,37.68,72,0
13:56,37.68,65,0
13:56,37.68,74,0
13:56,37.68,251,0
13:56,37.68,134,1
13:57,37.68,42,1
13:57,37.69,86,0
13:57,37.69,126,0
13:57,37.69,126,0
13:57,37.69,54,0
13:57,37.69,161,0
13:57,37.7,183,0
13:57,37.69,70,1
13:57,37.69,78,0
13:57,37.69,185,0
13:57,37.69,133,0
13:57,37.69,88,0
13:57,37.69,132,0
13:57,37.69,240,0
13:57,37.69,46,1
13:57,37.69,13,1
13:57,37.7,205,0
13:57,37.69,235,1
13:57,37.69,82,1
13:57,37.69,98,0
13:58,37.68,419,1
13:58,37.68,54,0
13:58,37.68,380,0
13:58,37.67,172,1
13:58,37.66,51,1
13:58,37.67,130,0
13:58,37.67,42,0
13:58,37.67,180,0
13:58,37.66,32,1
13:58,37.68,553,0
13:58,37.68,199,1
13:58,37.68,118,1
13:58,37.68,469,1
13:58,37.68,35,1
13:58,37.69,228,0
13:58,37.69,469,0
13:58,37.7,77,0
13:58,37.69,117,1
13:58,37.7,105,0
13:58,37.69,48,1
13:59,37.7,65,0
13:59,37.7,92,0
13:59,37.7,108,0
13:59,37.69,94,1
13:59,37.7,33,0
13:59,37.7,2086,0
13:59,37.71,64,0
13:59,37.71,124,0
13:59,37.72,25,0
13:59,37.72,52,0
13:59,37.73,61,0
13:59,37.72,98,1
13:59,37.72,411,1
13:59,37.73,199,0
13:59,37.73,101,0
13:59,37.73,177,1
13:59,37.74,159,0
13:59,37.74,97,1
13:59,37.75,193,0
13:59,37.75,143,0
14:00,37.75,276,0
14:00,37.75,267,0
14:00,37.75,134,1
14:00,37.76,163,0
14:00,37.77,127,0
14:00,37.77,176,0
14:00,37.77,55,0
14:00,37.77,226,0
14:00,37.77,221,0
14:00,37.77,61,1
14:00,37.78,295,0
14:00,37.79,972,0
14:00,37.77,502,1
14:00,37.76,251,1
14:00,37.77,357,0
14:00,37.77,57,0
14:00,37.77,96,0
14:00,37.76,243,1
14:00,37.76,168,1
14:00,37.76,811,1
14:01,37.75,107,2
14:01,37.75,46,0
14:01,37.75,312,0
14:01,37.74,25,0
14:01,37.73,14,1
14:01,37.74,299,0
14:01,37.72,45,1
14:01,37.71,214,1
14:01,37.72,51,0
14:01,37.71,72,1
14:01,37.71,49,1
14:01,37.7,244,1
14:01,37.7,176,1
14:01,37.69,171,1
14:01,37.69,24,1
14:01,37.69,468,1
14:01,37.69,112,1
14:01,37.69,111,1
14:01,37.69,58,1
14:01,37.68,21,1
14:02,37.68,774,1
14:02,37.68,215,1
14:02,37.68,540,1
14:02,37.68,90,1
14:02,37.67,45,1
14:02,37.67,97,1
14:02,37.67,110,1
14:02,37.67,173,1
14:02,37.67,74,1
14:02,37.66,429,1
14:02,37.67,121,2
14:02,37.72,1842,0
14:02,37.78,1615,0
14:02,37.84,998,0
14:02,37.81,56,1
14:02,37.83,140,0
14:02,37.84,82,0
14:02,37.84,299,1
14:02,37.84,380,0
14:02,37.84,484,0
14:03,37.84,227,0
14:03,37.84,232,1
14:03,37.83,125,1
14:03,37.8,148,1
14:03,37.83,164,0
14:03,37.82,8,2
14:03,37.81,140,2
14:03,37.8,41,1
14:03,37.8,70,1
14:03,37.8,91,1
14:03,37.8,106,1
14:03,37.8,156,1
14:03,37.78,293,1
14:03,37.78,65,1
14:03,37.78,6,1
14:03,37.76,60,1
14:03,37.76,33,1
14:03,37.75,49,1
14:03,37.74,196,1
14:03,37.75,132,0
14:04,37.74,144,1
14:04,37.77,77,0
14:04,37.76,42,1
14:04,37.77,174,0
14:04,37.76,433,1
14:04,37.77,371,0
14:04,37.76,45,1
14:04,37.77,39,2
14:04,37.78,158,0
14:04,37.79,59,0
14:04,37.79,320,0
14:04,37.8,31,0
14:04,37.8,231,0
14:04,37.8,41,0
14:04,37.8,30,1
14:04,37.8,37,1
14:04,37.8,194,1
14:04,37.8,212,1
14:04,37.8,406,1
14:04,37.79,65,1
14:05,37.8,552,0
14:05,37.8,76,1
14:05,37.8,61,1
14:05,37.81,95,0
14:05,37.81,50,0
14:05,37.8,240,1
14:05,37.81,96,0
14:05,37.81,328,0
14:05,37.81,277,0
14:05,37.81,322,1
14:05,37.82,103,0
14:05,37.81,80,1
14:05,37.82,63,0
14:05,37.81,103,1
14:05,37.82,156,0
14:05,37.82,115,1
14:05,37.83,34,0
14:05,37.82,46,1
14:05,37.83,215,0
14:05,37.83,586,0
14:06,37.83,143,1
14:06,37.83,63,1
14:06,37.84,48,0
14:06,37.83,149,1
14:06,37.83,96,1
14:06,37.84,203,0
14:06,37.84,102,1
14:06,37.83,74,1
14:06,37.86,697,0
14:06,37.85,72,1
14:06,37.86,425,0
14:06,37.9,2541,0
14:06,37.91,121,0
14:06,37.91,48,0
14:06,37.92,65,0
14:06,37.92,170,0
14:06,37.92,98,0
14:06,37.93,181,0
14:06,37.93,233,0
14:06,37.92,268,1
14:07,37.96,967,0
14:07,37.97,91,0
14:07,37.97,709,0
14:07,37.96,1435,0
14:07,37.94,219,2
14:07,37.94,112,0
14:07,37.93,152,1
14:07,37.93,67,1
14:07,37.93,130,0
14:07,37.92,179,1
14:07,37.93,139,0
14:07,37.92,277,1
14:07,37.91,124,2
14:07,37.9,135,1
14:07,37.91,226,0
14:07,37.91,215,1
14:07,37.92,508,0
14:07,37.9,100,1
14:07,37.92,92,0
14:07,37.9,117,1
14:08,37.9,97,1
14:08,37.9,57,1
14:08,37.89,92,1
14:08,37.89,73,1
14:08,37.9,73,0
14:08,37.89,167,1
14:08,37.9,393,0
14:08,37.89,207,1
14:08,37.89,138,1
14:08,37.9,86,0
14:08,37.9,180,0
14:08,37.89,69,1
14:08,37.89,159,1
14:08,37.89,57,1
14:08,37.9,346,0
14:08,37.89,164,1
14:08,37.89,440,2
14:08,37.9,115,0
14:08,37.89,65,1
14:08,37.89,54,1
14:09,37.9,139,0
14:09,37.9,58,0
14:09,37.89,120,1
14:09,37.9,151,0
14:09,37.89,147,1
14:09,37.89,177,1
14:09,37.9,159,0
14:09,37.89,167,1
14:09,37.89,17,0
14:09,37.89,93,0
14:09,37.89,28,0
14:09,37.89,69,0
14:09,37.89,145,0
14:09,37.88,211,1
14:09,37.89,144,0
14:09,37.89,89,0
14:09,37.88,139,1
14:09,37.88,33,1
14:09,37.88,54,1
14:09,37.88,799,1
14:10,37.87,244,1
14:10,37.86,137,1
14:10,37.86,78,1
14:10,37.86,185,1
14:10,37.86,103,1
14:10,37.86,108,0
14:10,37.85,97,1
14:10,37.85,79,1
14:10,37.84,575,1
14:10,37.84,163,1
14:10,37.83,149,1
14:10,37.83,57,1
14:10,37.83,173,1
14:10,37.83,50,1
14:10,37.83,87,0
14:10,37.82,563,1
14:10,37.82,158,1
14:10,37.85,505,0
14:10,37.85,174,1
14:10,37.85,66,1
14:11,37.85,23,1
14:11,37.86,27,0
14:11,37.87,301,0
14:11,37.86,171,1
14:11,37.86,20,1
14:11,37.88,164,0
14:11,37.86,2,1
14:11,37.87,89,0
14:11,37.86,38,1
14:11,37.86,31,1
14:11,37.86,71,1
14:11,37.87,121,0
14:11,37.87,37,0
14:11,37.86,19,1
14:11,37.86,34,0
14:11,37.86,109,1
14:11,37.86,91,1
14:11,37.82,521,1
14:11,37.86,79,0
14:11,37.85,5,1
14:12,37.85,6,0
14:12,37.84,11,2
14:12,37.85,82,0
14:12,37.84,15,1
14:12,37.84,29,1
14:12,37.84,20,1
14:12,37.84,71,0
14:12,37.84,79,0
14:12,37.83,61,1
14:12,37.83,135,1
14:12,37.83,87,1
14:12,37.83,460,1
14:12,37.82,45,1
14:12,37.82,54,1
14:12,37.82,61,1
14:12,37.82,248,1
14:12,37.82,76,1
14:12,37.83,144,0
14:12,37.82,235,1
14:12,37.81,66,1
14:13,37.82,182,0
14:13,37.82,132,0
14:13,37.81,126,1
14:13,37.82,160,0
14:13,37.81,112,1
14:13,37.81,115,1
14:13,37.81,1215,1
14:13,37.8,28,1
14:13,37.81,143,0
14:13,37.8,48,1
14:13,37.8,72,1
14:13,37.8,68,1
14:13,37.8,1399,0
14:13,37.8,84,0
14:13,37.8,65,1
14:13,37.8,81,1
14:13,37.8,126,1
14:13,37.81,24,2
14:13,37.82,634,0
14:13,37.82,18,1
14:14,37.82,89,1
14:14,37.84,14,0
14:14,37.82,87,1
14:14,37.82,185,1
14:14,37.83,60,2
14:14,37.83,80,0
14:14,37.83,100,0
14:14,37.84,53,0
14:14,37.86,778,0
14:14,37.84,20,1
14:14,37.86,203,0
14:14,37.86,58,0
14:14,37.86,34,0
14:14,37.86,122,0
14:14,37.86,40,1
14:14,37.86,659,1
14:14,37.87,40,1
14:14,37.87,138,1
14:14,37.87,720,1
14:14,37.87,165,0
14:15,37.89,85,0
14:15,37.88,33,1
14:15,37.89,211,0
14:15,37.87,649,1
14:15,37.86,90,1
14:15,37.86,45,1
14:15,37.87,20,0
14:15,37.86,219,1
14:15,37.87,198,0
14:15,37.86,23,1
14:15,37.86,285,0
14:15,37.86,2647,1
14:15,37.86,83,1
14:15,37.87,47,0
14:15,37.86,68,1
14:15,37.87,277,0
14:15,37.86,193,1
14:15,37.86,78,0
14:15,37.9,2684,0
14:15,37.91,177,2
14:16,37.94,657,0
14:16,38.03,14447,0
14:16,38.07,1592,0
14:16,38.03,294,1
14:16,38.03,237,0
14:16,38.03,232,1
14:16,38.06,294,0
14:16,38.03,629,1
14:16,38.05,624,0
14:16,38.02,239,1
14:16,38.02,291,1
14:16,38.05,993,0
14:16,38.05,330,0
14:16,38.02,316,2
14:16,38.05,332,0
14:16,38.02,396,1
14:16,38.04,610,0
14:16,38.02,83,1
14:16,38.02,528,1
14:16,38.03,126,0
14:17,38.03,190,0
14:17,38.03,485,0
14:17,38.03,205,1
14:17,38.03,298,1
14:17,38.02,158,1
14:17,38.0,747,1
14:17,37.99,620,1
14:17,37.99,150,1
14:17,37.99,98,1
14:17,37.97,211,1
14:17,37.97,62,1
14:17,37.96,62,1
14:17,37.96,107,1
14:17,37.96,42,0
14:17,37.94,85,1
14:17,37.94,97,1
14:17,37.94,56,1
14:17,37.94,54,0
14:17,37.93,75,2
14:17,37.92,23,1
14:18,37.92,84,0
14:18,37.92,91,0
14:18,37.9,64,1
14:18,37.9,212,1
14:18,37.9,163,1
14:18,37.91,396,0
14:18,37.91,103,0
14:18,37.9,283,2
14:18,37.92,65,0
14:18,37.92,115,0
14:18,37.92,177,0
14:18,37.92,57,1
14:18,37.92,72,1
14:18,37.93,244,0
14:18,37.92,178,1
14:18,37.93,110,1
14:18,37.93,458,0
14:18,37.92,84,1
14:18,37.92,59,1
14:18,37.92,52,1
14:19,37.92,154,1
14:19,37.93,119,2
14:19,37.93,139,1
14:19,37.93,40,0
14:19,37.93,92,0
14:19,37.92,92,1
14:19,37.93,97,0
14:19,37.93,38,0
14:19,37.93,168,0
14:19,37.92,81,1
14:19,37.92,10,1
14:19,37.92,374,1
14:19,37.92,120,0
14:19,37.93,196,0
14:19,37.93,158,0
14:19,37.93,357,1
14:19,37.94,81,0
14:19,37.94,146,1
14:19,37.94,143,1
14:19,37.95,151,0
14:20,37.95,80,0
14:20,37.94,328,1
14:20,37.93,205,1
14:20,37.95,109,0
14:20,37.94,36,0
14:20,37.94,162,1
14:20,37.95,84,0
14:20,37.93,49,1
14:20,37.93,42,1
14:20,37.94,32,0
14:20,37.94,123,0
14:20,37.94,57,0
14:20,37.94,36,0
14:20,37.94,111,1
14:20,37.94,63,1
14:20,37.93,1015,1
14:20,37.91,147,1
14:20,37.91,181,1
14:20,37.91,83,1
14:20,37.92,99,0
14:21,37.91,87,1
14:21,37.91,186,1
14:21,37.91,66,1
14:21,37.91,29,0
14:21,37.92,120,0
14:21,37.92,96,0
14:21,37.91,110,2
14:21,37.9,175,1
14:21,37.9,180,1
14:21,37.9,53,1
14:21,37.91,58,2
14:21,37.9,98,1
14:21,37.9,45,1
14:21,37.91,59,0
14:21,37.9,103,1
14:21,37.9,114,1
14:21,37.9,743,1
14:21,37.9,1155,1
14:21,37.9,274,1
14:21,37.91,82,0
14:22,37.9,88,0
14:22,37.9,226,0
14:22,37.91,79,0
14:22,37.91,92,0
14:22,37.91,45,1
14:22,37.92,63,0
14:22,37.91,56,1
14:22,37.91,491,1
14:22,37.93,82,0
14:22,37.92,209,1
14:22,37.92,80,1
14:22,37.94,92,0
14:22,37.93,77,1
14:22,37.93,74,1
14:22,37.93,60,1
14:22,37.93,123,1
14:22,37.93,60,1
14:22,37.94,67,0
14:22,37.94,70,0
14:22,37.95,261,0
14:23,37.93,590,1
14:23,37.93,132,1
14:23,37.94,115,0
14:23,37.94,26,0
14:23,37.94,41,0
14:23,37.94,133,0
14:23,37.94,97,0
14:23,37.94,50,0
14:23,37.93,94,1
14:23,37.92,39,1
14:23,37.93,113,0
14:23,37.92,36,1
14:23,37.93,132,0
14:23,37.92,75,1
14:23,37.92,109,1
14:23,37.92,191,1
14:23,37.92,282,1
14:23,37.92,123,0
14:23,37.91,79,1
14:23,37.92,21,0
14:24,37.92,90,0
14:24,37.91,104,1
14:24,37.91,70,1
14:24,37.91,1298,1
14:24,37.93,203,0
14:24,37.93,229,0
14:24,37.91,45,1
14:24,37.91,230,1
14:24,37.91,80,0
14:24,37.91,81,0
14:24,37.92,51,0
14:24,37.91,156,1
14:24,37.91,49,1
14:24,37.91,52,1
14:24,37.9,178,1
14:24,37.9,171,1
14:24,37.9,634,1
14:24,37.91,441,0
14:24,37.91,110,1
14:24,37.91,157,1
14:25,37.91,79,1
14:25,37.91,166,1
14:25,37.9,103,1
14:25,37.9,102,1
14:25,37.9,1890,1
14:25,37.9,123,0
14:25,37.9,156,0
14:25,37.9,424,0
14:25,37.9,367,0
14:25,37.9,183,0
14:25,37.89,242,1
14:25,37.9,27,0
14:25,37.89,106,1
14:25,37.88,75,1
14:25,37.88,218,1
14:25,37.88,32,0
14:25,37.88,87,0
14:25,37.87,51,1
14:25,37.87,44,0
14:25,37.87,275,0
14:26,37.86,192,1
14:26,37.86,103,1
14:26,37.86,594,0
14:26,37.86,1296,2
14:26,37.9,731,0
14:26,37.89,677,1
14:26,37.92,2090,0
14:26,37.92,369,1
14:26,37.94,80,0
14:26,37.92,55,1
14:26,37.92,148,1
14:26,37.92,290,0
14:26,37.94,630,0
14:26,37.93,88,1
14:26,37.93,49,1
14:26,37.94,55,0
14:26,37.92,47,1
14:26,37.91,92,1
14:26,37.9,75,1
14:26,37.91,431,1
14:27,37.92,25,0
14:27,37.93,542,0
14:27,37.97,1317,0
14:27,37.93,743,1
14:27,37.97,106,0
14:27,37.96,164,1
14:27,37.94,78,1
14:27,37.96,159,0
14:27,37.96,92,0
14:27,37.96,107,0
14:27,37.95,202,2
14:27,37.95,355,0
14:27,37.94,185,1
14:27,37.94,331,1
14:27,37.94,188,1
14:27,37.95,170,0
14:27,37.95,124,0
14:27,37.95,137,1
14:27,37.95,145,1
14:27,37.95,325,1
14:28,37.96,69,0
14:28,37.95,611,1
14:28,37.95,116,0
14:28,37.93,109,1
14:28,37.94,35,2
14:28,37.94,60,0
14:28,37.94,283,0
14:28,37.94,97,1
14:28,37.93,163,1
14:28,37.93,101,0
14:28,37.93,173,0
14:28,37.93,51,0
14:28,37.92,194,1
14:28,37.92,44,1
14:28,37.92,166,0
14:28,37.91,138,1
14:28,37.92,40,0
14:28,37.91,110,1
14:28,37.91,170,1
14:28,37.91,127,1
14:29,37.91,13,0
14:29,37.9,161,1
14:29,37.9,177,1
14:29,37.91,25,0
14:29,37.91,218,0
14:29,37.9,93,1
14:29,37.9,144,1
14:29,37.91,535,0
14:29,37.91,75,1
14:29,37.91,60,1
14:29,37.91,106,1
14:29,37.91,96,1
14:29,37.9,147,1
14:29,37.91,110,0
14:29,37.9,538,1
14:29,37.92,193,0
14:29,37.91,45,1
14:29,37.92,634,0
14:29,37.92,158,1
14:29,37.92,101,1
14:30,37.93,117,0
14:30,37.93,380,0
14:30,37.93,438,0
14:30,37.93,120,0
14:30,37.93,133,1
14:30,37.93,123,0
14:30,37.94,240,0
14:30,37.97,1602,0
14:30,37.97,186,0
14:30,37.96,324,1
14:30,37.98,331,0
14:30,37.99,623,0
14:30,37.98,603,1
14:30,37.99,1371,0
14:30,37.98,1093,1
14:30,38.05,8017,0
14:30,38.05,499,0
14:30,38.06,200,0
14:30,38.06,328,0
14:30,38.05,378,1
14:31,38.05,223,0
14:31,38.05,250,0
14:31,38.0,407,1
14:31,38.0,406,1
14:31,38.01,112,1
14:31,38.0,198,1
14:31,38.0,282,0
14:31,38.0,170,0
14:31,38.0,177,0
14:31,37.99,201,1
14:31,37.99,133,0
14:31,37.98,84,1
14:31,37.99,161,0
14:31,37.97,30,1
14:31,37.96,120,1
14:31,37.97,311,2
14:31,37.98,43,0
14:31,37.98,103,0
14:31,37.98,61,0
14:31,37.98,98,1
14:32,37.98,52,1
14:32,37.98,102,1
14:32,37.98,211,0
14:32,37.95,1349,1
14:32,37.95,79,1
14:32,37.97,89,0
14:32,37.97,150,0
14:32,37.94,151,1
14:32,37.95,77,2
14:32,37.96,74,0
14:32,37.95,59,1
14:32,37.95,195,1
14:32,37.95,91,1
14:32,37.95,67,1
14:32,37.95,121,1
14:32,37.96,80,0
14:32,37.96,35,1
14:32,37.96,100,1
14:32,37.96,158,1
14:32,37.96,29,0
14:33,37.96,51,0
14:33,37.95,160,1
14:33,37.96,614,0
14:33,37.97,75,0
14:33,37.97,81,1
14:33,37.97,212,0
14:33,37.97,67,1
14:33,37.97,165,1
14:33,37.97,578,1
14:33,37.97,114,0
14:33,37.96,274,1
14:33,37.97,220,0
14:33,37.97,70,1
14:33,37.98,172,0
14:33,37.98,166,0
14:33,37.97,73,1
14:33,37.97,148,0
14:33,37.97,234,1
14:33,37.96,896,1
14:33,37.96,96,1
14:34,37.97,119,0
14:34,37.96,109,1
14:34,37.95,153,1
14:34,37.95,90,1
14:34,37.93,911,1
14:34,37.93,223,1
14:34,37.93,184,1
14:34,37.93,106,1
14:34,37.93,85,1
14:34,37.94,138,0
14:34,37.93,275,1
14:34,37.94,142,0
14:34,37.94,152,0
14:34,37.93,93,1
14:34,37.94,388,0
14:34,37.94,146,0
14:34,37.93,80,1
14:34,37.94,90,0
14:34,37.93,123,1
14:34,37.93,396,1
14:35,37.93,178,0
14:35,37.93,60,0
14:35,37.92,193,1
14:35,37.92,103,1
14:35,37.92,290,1
14:35,37.92,577,1
14:35,37.93,209,0
14:35,37.93,134,0
14:35,37.91,177,1
14:35,37.92,956,0
14:35,37.91,311,0
14:35,37.9,394,1
14:35,37.9,194,1
14:35,37.89,110,1
14:35,37.89,363,1
14:35,37.89,193,1
14:35,37.89,175,1
14:35,37.88,129,1
14:35,37.88,98,1
14:35,37.88,225,1
14:36,37.89,359,0
14:36,37.88,159,1
14:36,37.89,217,0
14:36,37.88,287,1
14:36,37.88,185,1
14:36,37.88,102,0
14:36,37.87,142,1
14:36,37.88,521,0
14:36,37.88,220,1
14:36,37.88,89,1
14:36,37.87,192,1
14:36,37.88,1044,0
14:36,37.88,163,1
14:36,37.88,76,1
14:36,37.89,72,1
14:36,37.9,110,0
14:36,37.88,349,1
14:36,37.9,17,0
14:36,37.9,43,1
14:36,37.92,882,0
14:37,37.91,42,1
14:37,37.92,69,0
14:37,37.92,198,1
14:37,37.9,890,1
14:37,37.92,74,0
14:37,37.92,207,1
14:37,37.91,148,1
14:37,37.91,130,1
14:37,37.91,301,1
14:37,37.91,54,1
14:37,37.91,59,0
14:37,37.91,69,1
14:37,37.91,138,1
14:37,37.9,32,1
14:37,37.9,122,1
14:37,37.9,142,1
14:37,37.9,134,1
14:37,37.89,390,1
14:37,37.89,177,1
14:37,37.88,649,1
14:38,37.9,290,0
14:38,37.88,123,1
14:38,37.88,20,1
14:38,37.9,63,0
14:38,37.89,77,1
14:38,37.89,37,1
14:38,37.89,137,1
14:38,37.89,156,0
14:38,37.89,85,0
14:38,37.89,46,0
14:38,37.89,369,0
14:38,37.88,399,1
14:38,37.9,408,0
14:38,37.89,100,0
14:38,37.9,533,0
14:38,37.91,429,0
14:38,37.9,127,1
14:38,37.9,181,0
14:38,37.9,136,0
14:38,37.91,1149,0
14:39,37.91,156,1
14:39,37.92,199,0
14:39,37.9,428,1
14:39,37.91,179,0
14:39,37.91,419,0
14:39,37.92,93,0
14:39,37.91,233,1
14:39,37.9,121,1
14:39,37.91,139,0
14:39,37.92,301,0
14:39,37.9,91,1
14:39,37.91,580,0
14:39,37.91,174,1
14:39,37.9,70,1
14:39,37.91,63,0
14:39,37.91,192,0
14:39,37.91,116,0
14:39,37.9,161,2
14:39,37.9,133,1
14:39,37.9,114,1
14:40,37.9,116,1
14:40,37.9,237,1
14:40,37.9,131,1
14:40,37.91,535,0
14:40,37.9,115,1
14:40,37.9,1307,1
14:40,37.9,109,1
14:40,37.89,130,1
14:40,37.89,184,1
14:40,37.9,87,0
14:40,37.9,70,0
14:40,37.89,128,1
14:40,37.89,137,1
14:40,37.9,899,0
14:40,37.9,288,1
14:40,37.91,304,0
14:40,37.9,221,1
14:40,37.9,229,0
14:40,37.9,181,1
14:40,37.9,208,1
14:41,37.91,344,0
14:41,37.91,2570,0
14:41,37.92,529,0
14:41,37.92,109,0
14:41,37.92,78,0
14:41,37.93,287,0
14:41,37.92,85,1
14:41,37.92,65,1
14:41,37.93,198,0
14:41,37.93,555,0
14:41,37.94,221,0
14:41,37.94,125,0
14:41,37.93,133,1
14:41,37.93,140,1
14:41,37.93,107,1
14:41,37.93,406,1
14:41,37.92,172,1
14:41,37.93,90,0
14:41,37.93,158,0
14:41,37.93,205,1
14:42,37.93,117,1
14:42,37.94,336,0
14:42,37.93,264,2
14:42,37.93,177,0
14:42,37.94,246,0
14:42,37.94,256,0
14:42,37.94,99,0
14:42,37.93,485,1
14:42,37.94,303,0
14:42,37.94,164,0
14:42,37.93,175,1
14:42,37.93,390,1
14:42,37.93,442,1
14:42,37.94,334,0
14:42,37.94,145,1
14:42,37.94,120,0
14:42,37.93,59,1
14:42,37.94,263,0
14:42,37.94,295,1
14:42,37.93,404,1
14:43,37.93,818,1
14:43,37.93,198,0
14:43,37.94,209,0
14:43,37.93,58,1
14:43,37.93,161,1
14:43,37.93,150,1
14:43,37.92,237,1
14:43,37.92,153,1
14:43,37.93,320,0
14:43,37.93,177,0
14:43,37.92,119,1
14:43,37.93,138,0
14:43,37.92,80,1
14:43,37.92,72,1
14:43,37.93,645,0
14:43,37.94,243,0
14:43,37.92,185,1
14:43,37.91,156,1
14:43,37.91,263,1
14:43,37.92,209,0
14:44,37.92,111,2
14:44,37.91,89,1
14:44,37.91,105,1
14:44,37.91,90,1
14:44,37.92,173,0
14:44,37.92,418,0
14:44,37.92,105,0
14:44,37.91,182,1
14:44,37.92,217,0
14:44,37.91,234,1
14:44,37.91,235,1
14:44,37.92,342,0
14:44,37.91,372,1
14:44,37.92,461,0
14:44,37.92,132,0
14:44,37.91,177,1
14:44,37.91,154,0
14:44,37.91,135,1
14:44,37.91,108,0
14:44,37.92,479,0
14:45,37.92,158,0
14:45,37.92,729,0
14:45,37.92,89,0
14:45,37.91,297,1
14:45,37.92,242,0
14:45,37.9,95,1
14:45,37.91,72,1
14:45,37.91,187,1
14:45,37.92,271,0
14:45,37.91,221,0
14:45,37.9,341,1
14:45,37.91,263,0
14:45,37.91,302,1
14:45,37.91,189,1
14:45,37.91,225,1
14:45,37.91,294,1
14:45,37.91,808,1
14:45,37.91,405,1
14:45,37.9,1139,1
14:45,37.9,358,1
14:46,37.91,425,0
14:46,37.91,343,1
14:46,37.91,466,0
14:46,37.91,736,0
14:46,37.91,453,1
14:46,37.92,917,0
14:46,37.92,1125,1
14:46,37.92,270,2
14:46,37.92,351,2
14:46,37.92,276,2
14:46,37.92,201,0
14:46,37.92,259,0
14:46,37.93,154,0
14:46,37.93,139,0
14:46,37.92,154,1
14:46,37.94,1799,0
14:46,37.92,386,1
14:46,37.92,82,1
14:46,37.94,252,1
14:46,37.94,220,0
14:47,37.94,149,1
14:47,37.95,205,0
14:47,37.95,258,0
14:47,37.95,1564,0
14:47,37.95,340,0
14:47,37.95,231,1
14:47,37.96,2909,0
14:47,37.96,313,1
14:47,37.98,326,0
14:47,37.98,152,0
14:47,37.96,497,1
14:47,37.95,208,1
14:47,37.98,97,0
14:47,37.97,77,0
14:47,37.97,101,1
14:47,37.97,274,1
14:47,37.97,213,2
14:47,37.97,189,0
14:47,37.98,286,0
14:47,37.97,148,1
14:48,37.98,816,0
14:48,37.98,303,1
14:48,37.99,553,0
14:48,37.99,1007,0
14:48,37.96,1031,1
14:48,37.98,1860,0
14:48,37.98,324,0
14:48,37.98,385,0
14:48,37.98,392,0
14:48,37.98,262,0
14:48,37.97,245,2
14:48,37.98,153,0
14:48,37.97,124,1
14:48,37.98,587,0
14:48,37.98,232,0
14:48,37.97,483,2
14:48,37.98,149,0
14:48,37.99,369,0
14:48,37.98,180,1
14:48,37.99,297,0
14:49,37.99,271,0
14:49,37.98,303,1
14:49,37.98,195,1
14:49,37.98,500,1
14:49,37.98,643,0
14:49,37.98,499,1
14:49,37.99,3015,0
14:49,38.0,414,0
14:49,37.99,80,1
14:49,38.0,406,0
14:49,37.99,398,1
14:49,38.0,250,0
14:49,38.0,205,0
14:49,38.0,251,0
14:49,37.99,390,1
14:49,37.99,156,1
14:49,38.0,368,0
14:49,37.99,696,1
14:49,37.99,212,1
14:49,37.99,584,0
14:50,37.99,349,1
14:50,37.99,200,1
14:50,37.99,393,2
14:50,37.99,368,0
14:50,37.99,198,1
14:50,37.99,124,0
14:50,37.98,751,1
14:50,37.99,624,0
14:50,37.99,306,0
14:50,37.98,369,1
14:50,37.98,279,1
14:50,37.98,615,1
14:50,37.98,223,1
14:50,37.98,914,1
14:50,37.98,143,0
14:50,37.98,251,0
14:50,37.98,129,1
14:50,37.98,418,1
14:50,37.98,328,1
14:50,37.98,591,1
14:51,37.99,1082,0
14:51,37.98,259,1
14:51,38.0,3964,0
14:51,38.0,165,0
14:51,37.99,257,1
14:51,37.99,365,1
14:51,38.0,169,0
14:51,38.0,305,0
14:51,38.0,303,0
14:51,38.0,374,0
14:51,38.0,352,0
14:51,37.99,520,1
14:51,37.99,379,1
14:51,37.99,182,1
14:51,37.99,436,1
14:51,37.99,221,1
14:51,38.0,408,0
14:51,37.99,222,1
14:51,37.99,100,0
14:51,37.99,576,0
14:52,38.0,208,0
14:52,37.99,246,1
14:52,38.0,218,0
14:52,38.0,227,0
14:52,37.99,396,1
14:52,37.99,418,1
14:52,38.0,295,0
14:52,37.99,471,1
14:52,37.99,400,1
14:52,37.99,626,1
14:52,37.99,600,1
14:52,37.99,324,1
14:52,37.99,280,1
14:52,37.99,419,0
14:52,37.99,923,1
14:52,38.0,326,0
14:52,37.99,269,1
14:52,38.0,438,0
14:52,37.99,743,1
14:52,37.99,281,1
14:53,37.99,416,1
14:53,38.0,305,0
14:53,38.0,301,0
14:53,38.0,249,0
14:53,38.0,549,0
14:53,37.99,473,1
14:53,37.99,391,1
14:53,37.99,323,1
14:53,38.0,466,0
14:53,37.99,468,1
14:53,38.0,485,0
14:53,37.99,766,1
14:53,37.99,636,1
14:53,38.0,480,0
14:53,38.0,294,0
14:53,37.99,637,1
14:53,37.99,481,0
14:53,37.99,499,0
14:53,37.99,217,0
14:53,37.99,478,1
14:54,38.0,666,0
14:54,38.0,420,0
14:54,37.98,283,1
14:54,37.99,497,0
14:54,38.0,643,0
14:54,37.99,385,1
14:54,38.0,395,0
14:54,37.99,400,1
14:54,38.0,338,0
14:54,37.99,251,1
14:54,37.99,330,1
14:54,37.99,359,0
14:54,37.99,579,0
14:54,37.99,680,0
14:54,37.99,284,0
14:54,37.98,742,1
14:54,37.99,1634,0
14:54,37.99,415,1
14:54,38.0,424,0
14:54,37.99,2140,1
14:55,37.99,531,0
14:55,37.99,470,0
14:55,37.99,357,0
14:55,37.99,338,0
14:55,37.99,461,0
14:55,37.99,1619,0
14:55,37.99,615,1
14:55,37.99,834,1
14:55,37.99,3089,1
14:55,37.99,379,0
14:55,37.99,365,0
14:55,37.98,1273,1
14:55,37.99,1620,0
14:55,37.99,489,0
14:55,38.0,3084,0
14:55,37.99,655,1
14:55,37.99,604,0
14:55,37.99,864,0
14:55,38.0,808,0
14:55,37.99,610,1
14:56,37.99,501,0
14:56,37.99,602,0
14:56,37.99,328,1
14:56,37.99,1071,1
14:56,37.98,729,1
14:56,37.99,2222,0
14:56,37.99,851,0
14:56,38.0,855,0
14:56,38.0,3689,0
14:56,38.0,445,0
14:56,38.0,544,0
14:56,37.99,738,1
14:56,38.0,1132,0
14:56,38.0,649,0
14:56,37.99,828,1
14:56,37.98,460,1
14:56,38.0,358,0
14:56,37.99,330,1
14:56,38.0,389,0
14:56,38.0,1028,0
14:57,37.99,656,1
15:00,38.0,16550,2
10:07,38.02,517,1
10:07,38.02,288,0
10:07,38.0,732,1
10:07,37.99,450,2
10:07,38.0,185,0
10:07,37.97,1062,2
10:07,37.96,256,1
10:07,37.96,1397,1
10:07,37.98,276,2
10:07,37.96,210,2
10:07,37.97,212,1
10:07,38.0,699,0
10:07,37.99,187,1
10:07,37.99,388,2
10:07,37.99,266,0
10:07,38.0,245,0
10:07,37.97,1222,1
10:07,37.99,358,0
10:08,37.99,532,1
10:08,37.99,737,0
10:08,37.99,584,0
10:08,37.97,158,1
10:08,37.99,803,0
10:08,37.96,884,1
10:08,37.99,155,0
10:08,38.02,1954,0
10:08,37.99,128,1
10:08,37.99,251,1
10:08,38.0,121,2
10:08,38.01,204,0
10:08,38.01,265,0
10:08,38.03,808,0
10:08,38.04,105,1
10:08,38.07,141,0
10:08,38.04,311,1
10:08,38.07,354,0
10:08,38.07,596,0
10:08,38.07,638,1
10:09,38.06,686,0
10:09,38.07,273,0
10:09,38.07,453,0
10:09,38.07,217,1
10:09,38.06,282,1
10:09,38.06,251,1
10:09,38.03,666,1
10:09,38.05,110,0
10:09,38.03,299,1
10:09,38.03,99,0
10:09,38.03,230,0
10:09,38.02,122,1
10:09,38.01,254,1
10:09,38.01,376,1
10:09,38.0,173,1
10:09,38.0,423,1
10:09,38.0,59,0
10:09,38.0,296,0
10:09,37.98,333,1
10:09,37.99,178,0
10:10,37.98,231,1
10:10,37.97,103,1
10:10,37.98,234,0
10:10,37.97,117,1
10:10,37.97,593,1
10:10,37.97,243,0
10:10,37.96,210,0
10:10,37.95,606,1
10:10,37.95,53,0
10:10,37.94,227,1
10:10,37.94,140,0
10:10,37.94,768,0
10:10,37.94,202,1
10:10,37.94,191,1
10:10,37.94,288,1
10:10,37.96,314,0
10:10,37.95,322,1
10:10,37.96,179,2
10:10,37.96,806,0
10:10,37.95,307,1
10:11,37.96,1045,0
10:11,37.95,364,1
10:11,37.95,629,1
10:11,37.96,427,0
10:11,37.96,254,0
10:11,37.96,155,0
10:11,37.96,357,0
10:11,37.96,263,0
10:11,37.96,140,1
10:11,37.96,268,1
10:11,37.96,157,1
10:11,37.98,239,0
10:11,37.98,256,0
10:11,37.98,211,1
10:11,37.99,838,0
10:11,37.99,33,1
10:11,37.99,92,1
10:11,37.99,218,1
10:11,37.99,316,1
10:11,37.99,206,1
10:12,38.0,533,0
10:12,37.99,418,1
10:12,37.98,437,1
10:12,37.98,99,1
10:12,38.0,193,0
10:12,37.99,375,1
10:12,37.99,112,0
10:12,37.99,167,0
10:12,37.98,388,1
10:12,37.98,134,1
10:12,37.98,173,0
10:12,37.97,140,1
10:12,37.97,169,1
10:12,37.97,228,1
10:12,37.97,247,1
10:12,37.97,338,1
10:12,37.97,189,1
10:12,37.98,986,0
10:12,38.0,568,0
10:12,37.98,364,1
10:13,37.97,168,1
10:13,37.97,87,1
10:13,37.97,209,1
10:13,37.97,835,1
10:13,37.97,295,1
10:13,37.98,105,0
10:13,37.97,177,1
10:13,37.98,119,0
10:13,37.97,140,1
10:13,37.97,151,1
10:13,37.98,416,0
10:13,37.97,290,1
10:13,37.97,384,1
10:13,37.97,359,1
10:13,37.97,258,1
10:13,37.97,156,0
10:13,37.94,2908,1
10:13,37.92,539,1
10:13,37.92,75,1
10:13,37.92,180,1
10:14,37.92,180,1
10:14,37.93,219,1
10:14,37.91,268,1
10:14,37.91,137,1
10:14,37.91,125,1
10:14,37.92,478,0
10:14,37.91,1049,1
10:14,37.91,303,0
10:14,37.91,287,0
10:14,37.92,617,0
10:14,37.92,295,1
10:14,37.92,306,1
10:14,37.91,169,1
10:14,37.91,202,1
10:14,37.92,358,0
10:14,37.92,239,1
10:14,37.93,149,0
10:14,37.92,539,1
10:14,37.93,587,0
10:14,37.92,123,1
10:15,37.92,331,1
10:15,37.91,271,1
10:15,37.92,71,0
10:15,37.91,172,1
10:15,37.91,242,1
10:15,37.92,197,0
10:15,37.91,162,1
10:15,37.91,543,1
10:15,37.92,357,0
10:15,37.91,161,2
10:15,37.9,2159,1
10:15,37.9,158,0
10:15,37.9,1409,0
10:15,37.9,1214,1
10:15,37.9,202,1
10:15,37.9,494,1
10:15,37.9,287,1
10:15,37.9,264,1
10:15,37.91,2266,0
10:15,37.91,214,1
10:16,37.9,99,1
10:16,37.9,410,1
10:16,37.9,5677,0
10:16,37.92,114,1
10:16,37.96,71,0
10:16,37.96,220,0
10:16,37.98,78,0
10:16,38.0,206,0
10:16,37.98,173,1
10:16,37.99,195,2
10:16,37.98,168,1
10:16,37.98,397,1
10:16,37.97,210,1
10:16,37.96,304,1
10:16,37.96,195,0
10:16,37.93,490,1
10:16,37.92,264,1
10:16,37.93,196,0
10:16,37.92,834,1
10:16,37.91,377,1
10:17,37.92,182,0
10:17,37.92,114,0
10:17,37.91,162,1
10:17,37.91,382,1
10:17,37.91,75,0
10:17,37.91,417,0
10:17,37.91,132,0
10:17,37.9,129,1
10:17,37.91,273,0
10:17,37.9,94,1
10:17,37.9,240,1
10:17,37.87,1534,1
10:17,37.9,683,0
10:17,37.9,192,1
10:17,37.9,417,1
10:17,37.91,369,0
10:17,37.9,266,1
10:17,37.9,1037,1
10:17,37.9,191,1
10:17,37.9,366,1
10:18,37.9,137,0
10:18,37.87,804,1
10:18,37.89,80,0
10:18,37.88,78,1
10:18,37.87,184,1
10:18,37.87,94,0
10:18,37.87,119,1
10:18,37.87,288,1
10:18,37.86,602,1
10:18,37.85,110,1
10:18,37.85,202,1
10:18,37.85,489,1
10:18,37.85,265,1
10:18,37.85,1007,0
10:18,37.85,345,1
10:18,37.85,684,1
10:18,37.86,1569,0
10:18,37.85,353,1
10:18,37.85,59,0
10:18,37.84,382,1
10:19,37.84,274,0
10:19,37.84,200,1
10:19,37.84,416,1
10:19,37.84,421,0
10:19,37.85,683,0
10:19,37.85,282,1
10:19,37.85,890,1
10:19,37.89,309,0
10:19,37.89,104,0
10:19,37.86,327,1
10:19,37.89,435,0
10:19,37.9,361,0
10:19,37.91,126,0
10:19,37.92,99,0
10:19,37.91,73,1
10:19,37.92,99,2
10:19,37.92,81,1
10:19,37.94,150,0
10:19,37.94,202,0
10:19,37.95,129,0
10:20,37.96,185,0
10:20,37.96,347,0
10:20,37.96,213,1
10:20,37.94,77,1
10:20,37.95,158,0
10:20,37.95,119,0
10:20,37.95,146,1
10:20,37.96,110,0
10:20,37.96,190,0
10:20,37.96,74,1
10:20,37.96,102,1
10:20,37.95,333,1
10:20,37.95,193,1
10:20,37.94,553,1
10:20,37.93,142,1
10:20,37.92,95,1
10:20,37.94,284,0
10:20,37.91,748,1
10:20,37.9,192,2
10:20,37.9,68,0
10:21,37.89,67,1
10:21,37.89,22,1
10:21,37.89,122,1
10:21,37.89,169,0
10:21,37.89,66,1
10:21,37.89,54,1
10:21,37.89,113,0
10:21,37.9,160,0
10:21,37.89,47,1
10:21,37.89,129,1
10:21,37.89,68,0
10:21,37.89,85,0
10:21,37.89,233,0
10:21,37.89,101,0
10:21,37.89,192,1
10:21,37.89,48,1
10:21,37.9,318,0
10:21,37.88,196,1
10:21,37.89,132,0
10:21,37.88,60,1
10:22,37.9,427,0
10:22,37.9,139,0
10:22,37.89,153,1
10:22,37.9,149,0
10:22,37.9,185,1
10:22,37.9,136,1
10:22,37.92,66,0
10:22,37.92,487,1
10:22,37.93,117,1
10:22,37.95,94,0
10:22,37.95,126,0
10:22,37.96,49,0
10:22,37.95,181,1
10:22,37.96,220,0
10:22,37.95,190,1
10:22,37.97,135,0
10:22,37.95,385,1
10:22,37.95,175,1
10:22,37.94,338,2
10:22,37.95,120,0
10:23,37.96,71,0
10:23,37.94,148,1
10:23,37.95,155,0
10:23,37.95,200,0
10:23,37.95,98,1
10:23,37.95,102,1
10:23,37.96,62,0
10:23,37.96,53,0
10:23,37.96,110,0
10:23,37.96,338,0
10:23,37.96,119,0
10:23,37.97,536,0
10:23,37.98,508,0
10:23,37.98,317,0
10:23,37.98,217,0
10:23,37.96,121,1
10:23,37.97,170,0
10:23,37.97,127,0
10:23,37.96,112,1
10:23,37.97,363,0
10:24,37.97,140,0
10:24,37.97,73,1
10:24,37.96,118,1
10:24,37.97,265,0
10:24,37.95,236,1
10:24,37.95,76,1
10:24,37.94,95,1
10:24,37.95,277,0
10:24,37.93,45,1
10:24,37.93,107,1
10:24,37.93,237,0
10:24,37.93,224,0
10:24,37.94,327,0
10:24,37.92,61,1
10:24,37.91,157,1
10:24,37.92,66,0
10:24,37.91,135,1
10:24,37.9,512,1
10:24,37.9,86,1
10:24,37.9,118,1
10:25,37.9,33,0
10:25,37.9,70,0
10:25,37.89,228,1
10:25,37.89,260,1
10:25,37.89,188,1
10:25,37.88,244,1
10:25,37.88,167,1
10:25,37.88,246,1
10:25,37.87,330,1
10:25,37.87,150,1
10:25,37.87,99,1
10:25,37.87,120,1
10:25,37.87,81,0
10:25,37.87,151,1
10:25,37.88,287,0
10:25,37.88,115,0
10:25,37.88,52,0
10:25,37.88,120,1
10:25,37.88,227,1
10:25,37.89,103,2
10:26,37.88,301,1
10:26,37.88,195,0
10:26,37.9,681,0
10:26,37.9,30,1
10:26,37.9,205,1
10:26,37.9,331,1
10:26,37.9,37,0
10:26,37.9,243,0
10:26,37.9,34,1
10:26,37.91,191,0
10:26,37.91,146,1
10:26,37.91,91,1
10:26,37.91,102,0
10:26,37.91,176,1
10:26,37.91,123,1
10:26,37.91,152,1
10:26,37.91,76,0
10:26,37.9,83,1
10:26,37.9,58,1
10:26,37.9,785,1
10:27,37.9,386,1
10:27,37.91,498,0
10:27,37.9,87,1
10:27,37.91,111,1
10:27,37.9,33,1
10:27,37.9,51,1
10:27,37.9,111,1
10:27,37.9,225,1
10:27,37.91,484,0
10:27,37.9,237,1
10:27,37.9,178,1
10:27,37.9,192,1
10:27,37.9,129,0
10:27,37.89,296,1
10:27,37.88,22,1
10:27,37.88,88,1
10:27,37.88,44,1
10:27,37.89,304,0
10:27,37.88,217,1
10:27,37.88,122,1
10:28,37.88,262,1
10:28,37.88,193,1
10:28,37.87,367,1
10:28,37.87,70,0
10:28,37.88,745,0
10:28,37.88,55,0
10:28,37.87,25,1
10:28,37.87,647,1
10:28,37.86,93,1
10:28,37.86,165,0
10:28,37.85,158,1
10:28,37.85,124,1
10:28,37.85,195,1
10:28,37.85,270,1
10:28,37.86,284,0
10:28,37.85,448,1
10:28,37.85,394,0
10:28,37.85,197,0
10:28,37.84,200,1
10:28,37.83,28,1
10:29,37.83,84,1
10:29,37.82,450,1
10:29,37.82,375,1
10:29,37.82,207,1
10:29,37.82,217,0
10:29,37.82,204,0
10:29,37.82,251,1
10:29,37.82,156,1
10:29,37.82,276,1
10:29,37.82,241,1
10:29,37.82,102,1
10:29,37.82,1035,0
10:29,37.81,741,2
10:29,37.81,129,1
10:29,37.81,157,0
10:29,37.8,2682,1
10:29,37.81,947,0
10:29,37.79,381,1
10:29,37.78,210,1
10:29,37.78,186,1
10:30,37.78,123,1
10:30,37.78,822,1
10:30,37.78,305,1
10:30,37.78,141,1
10:30,37.78,359,1
10:30,37.78,137,1
10:30,37.77,215,1
10:30,37.78,149,0
10:30,37.78,610,0
10:30,37.77,328,1
10:30,37.76,873,1
10:30,37.76,239,0
10:30,37.75,395,1
10:30,37.76,1791,0
10:30,37.78,350,0
10:30,37.78,356,1
10:30,37.78,151,0
10:30,37.78,396,1
10:30,37.77,537,1
10:30,37.77,75,0
10:31,37.77,243,0
10:31,37.77,485,1
10:31,37.77,392,1
10:31,37.77,115,1
10:31,37.78,200,0
10:31,37.78,317,0
10:31,37.78,145,0
10:31,37.78,174,0
10:31,37.77,795,1
10:31,37.77,190,0
10:31,37.76,418,1
10:31,37.76,244,0
10:31,37.76,641,0
10:31,37.75,3193,1
10:31,37.73,85,1
10:31,37.71,61,1
10:31,37.7,173,1
10:31,37.7,370,1
10:31,37.71,174,0
10:31,37.71,153,1
10:32,37.71,260,1
10:32,37.74,231,0
10:32,37.74,191,0
10:32,37.74,120,1
10:32,37.74,103,1
10:32,37.74,223,1
10:32,37.75,97,0
10:32,37.75,53,1
10:32,37.76,367,0
10:32,37.75,360,1
10:32,37.76,270,2
10:32,37.79,252,0
10:32,37.77,123,1
10:32,37.78,130,0
10:32,37.78,208,1
10:32,37.79,147,0
10:32,37.82,385,0
10:32,37.82,89,0
10:32,37.82,172,0
10:32,37.83,248,0
10:33,37.83,35,0
10:33,37.84,139,0
10:33,37.83,67,1
10:33,37.83,97,1
10:33,37.83,421,1
10:33,37.83,159,1
10:33,37.82,116,1
10:33,37.81,37,1
10:33,37.81,138,1
10:33,37.81,176,1
10:33,37.81,152,0
10:33,37.81,455,0
10:33,37.8,269,1
10:33,37.8,232,1
10:33,37.8,254,1
10:33,37.8,57,0
10:33,37.8,72,0
10:33,37.79,240,1
10:33,37.78,113,1
10:33,37.77,333,1
10:34,37.78,150,0
10:34,37.78,127,0
10:34,37.78,194,0
10:34,37.77,79,1
10:34,37.77,99,1
10:34,37.77,136,1
10:34,37.77,120,1
10:34,37.78,290,0
10:34,37.77,34,1
10:34,37.77,255,1
10:34,37.78,229,0
10:34,37.8,1884,0
10:34,37.8,155,1
10:34,37.81,440,0
10:34,37.81,247,0
10:34,37.81,150,0
10:34,37.81,57,0
10:34,37.82,108,0
10:34,37.82,83,0
10:34,37.82,198,0
10:35,37.83,145,0
10:35,37.82,83,1
10:35,37.84,198,0
10:35,37.84,64,0
10:35,37.84,124,0
10:35,37.85,74,0
10:35,37.85,129,0
10:35,37.86,174,0
10:35,37.87,109,0
10:35,37.87,132,0
10:35,37.88,62,0
10:35,37.88,840,0
10:35,37.88,465,1
10:35,37.89,217,0
10:35,37.89,248,1
10:35,37.9,200,0
10:35,37.9,116,0
10:35,37.9,215,0
10:35,37.9,505,0
10:35,37.9,79,1
10:36,37.89,2248,1
10:36,37.88,403,0
10:36,37.88,194,0
10:36,37.86,102,1
10:36,37.88,325,0
10:36,37.88,111,1
10:36,37.86,176,1
10:36,37.86,219,1
10:36,37.86,132,1
10:36,37.85,60,1
10:36,37.85,205,1
10:36,37.85,74,1
10:36,37.85,69,1
10:36,37.86,45,1
10:36,37.85,55,1
10:36,37.86,61,2
10:36,37.85,321,1
10:36,37.87,99,0
10:36,37.85,313,1
10:36,37.86,149,0
10:37,37.86,414,0
10:37,37.85,94,1
10:37,37.86,123,0
10:37,37.86,49,1
10:37,37.87,64,0
10:37,37.86,1496,1
10:37,37.86,188,0
10:37,37.86,112,0
10:37,37.82,422,1
10:37,37.85,244,0
10:37,37.82,19,1
10:37,37.84,28,0
10:37,37.83,31,1
10:37,37.83,31,1
10:37,37.83,55,0
10:37,37.82,74,1
10:37,37.82,156,1
10:37,37.82,102,1
10:37,37.82,394,1
10:37,37.82,60,0
10:38,37.82,108,0
10:38,37.81,296,1
10:38,37.82,98,0
10:38,37.82,230,1
10:38,37.8,452,1
10:38,37.81,128,0
10:38,37.8,70,1
10:38,37.8,138,1
10:38,37.81,762,0
10:38,37.81,200,1
10:38,37.81,85,1
10:38,37.82,30,0
10:38,37.81,266,1
10:38,37.82,291,0
10:38,37.8,87,1
10:38,37.81,187,0
10:38,37.81,37,0
10:38,37.81,71,1
10:38,37.81,177,1
10:38,37.81,168,0
10:39,37.8,99,1
10:39,37.8,120,1
10:39,37.8,229,1
10:39,37.8,105,1
10:39,37.81,79,0
10:39,37.81,178,0
10:39,37.78,1154,1
10:39,37.81,422,0
10:39,37.81,75,0
10:39,37.8,24,1
10:39,37.8,261,1
10:39,37.79,177,2
10:39,37.8,80,0
10:39,37.8,60,1
10:39,37.79,60,1
10:39,37.82,364,0
10:39,37.82,40,0
10:39,37.82,80,0
10:39,37.82,111,1
10:39,37.82,78,0
10:40,37.82,99,0
10:40,37.83,127,0
10:40,37.82,153,1
10:40,37.83,94,0
10:40,37.82,26,2
10:40,37.83,51,0
10:40,37.83,87,0
10:40,37.81,50,1
10:40,37.83,207,0
10:40,37.83,37,0
10:40,37.82,72,1
10:40,37.82,110,1
10:40,37.82,164,0
10:40,37.83,679,0
10:40,37.83,120,1
10:40,37.83,206,0
10:40,37.83,99,1
10:40,37.85,365,0
10:40,37.85,97,1
10:40,37.86,146,0
10:41,37.86,150,0
10:41,37.85,1020,1
10:41,37.86,238,1
10:41,37.88,108,0
10:41,37.88,107,0
10:41,37.88,175,0
10:41,37.89,1372,0
10:41,37.88,111,1
10:41,37.93,105,0
10:41,37.93,58,0
10:41,37.93,97,0
10:41,37.93,145,0
10:41,37.93,23,1
10:41,37.95,187,0
10:41,37.94,330,1
10:41,37.95,1338,0
10:41,37.95,238,1
10:41,37.97,180,0
10:41,37.96,134,1
10:41,37.96,487,0
10:42,37.98,343,0
10:42,37.97,86,1
10:42,37.97,771,0
10:42,37.97,224,1
10:42,37.98,127,0
10:42,37.98,113,0
10:42,37.98,1451,0
10:42,37.99,237,0
10:42,37.99,99,0
10:42,37.99,621,0
10:42,37.96,757,1
10:42,38.0,291,0
10:42,37.97,59,1
10:42,37.99,90,0
10:42,37.99,88,0
10:42,37.99,282,0
10:42,37.99,224,1
10:42,37.99,115,1
10:42,37.97,219,1
10:42,37.95,128,1
10:43,37.98,250,0
10:43,37.99,197,0
10:43,37.97,148,1
10:43,38.0,2484,0
10:43,37.98,96,2
10:43,38.0,105,0
10:43,38.0,151,0
10:43,38.0,61,0
10:43,38.0,257,0
10:43,37.99,278,1
10:43,37.99,266,1
10:43,37.99,1296,0
10:43,37.99,243,0
10:43,37.98,244,1
10:43,37.99,133,2
10:43,37.99,54,1
10:43,37.99,177,1
10:43,37.99,135,1
10:43,38.0,656,0
10:43,38.0,631,0
10:44,37.98,139,1
10:44,38.01,2472,0
10:44,38.0,399,1
10:44,37.99,25,1
10:44,37.99,194,1
10:44,38.0,620,0
10:44,38.0,154,1
10:44,38.0,120,1
10:44,38.0,303,0
10:44,37.99,113,1
10:44,38.0,146,0
10:44,38.0,157,0
10:44,37.99,59,1
10:44,37.99,68,1
10:44,37.99,191,1
10:44,37.98,122,1
10:44,37.99,72,0
10:44,37.98,47,1
10:44,37.99,157,0
10:44,37.98,187,1
10:45,37.99,118,0
10:45,37.97,185,1
10:45,37.96,263,1
10:45,37.96,64,1
10:45,37.96,180,1
10:45,37.95,68,1
10:45,37.96,201,0
10:45,37.95,477,1
10:45,37.95,42,1
10:45,37.95,494,1
10:45,37.95,35,0
10:45,37.94,75,1
10:45,37.93,1066,1
10:45,37.93,116,1
10:45,37.93,125,1
10:45,37.93,77,1
10:45,37.93,368,0
10:45,37.94,641,0
10:45,37.94,353,1
10:45,37.95,212,0
10:46,37.94,107,1
10:46,37.94,76,0
10:46,37.93,85,1
10:46,37.93,156,1
10:46,37.93,62,1
10:46,37.94,107,0
10:46,37.95,107,0
10:46,37.94,113,1
10:46,37.96,1445,0
10:46,37.97,49,1
10:46,37.97,160,1
10:46,37.98,60,1
10:46,37.98,43,0
10:46,37.97,21,1
10:46,37.97,127,1
10:46,37.96,50,1
10:46,37.96,84,0
10:46,37.96,34,1
10:46,37.96,50,1
10:46,37.96,104,1
10:47,37.95,40,1
10:47,37.96,81,0
10:47,37.95,176,1
10:47,37.94,40,1
10:47,37.95,103,0
10:47,37.95,78,1
10:47,37.95,83,1
10:47,37.96,1073,0
10:47,37.94,142,1
10:47,37.95,37,2
10:47,37.93,166,1
10:47,37.94,7,0
10:47,37.93,132,1
10:47,37.92,106,1
10:47,37.92,102,1
10:47,37.92,234,1
10:47,37.91,43,1
10:47,37.9,427,1
10:47,37.9,69,1
10:47,37.91,32,0
10:48,37.9,131,1
10:48,37.9,99,1
10:48,37.9,74,1
10:48,37.89,97,1
10:48,37.9,1048,0
10:48,37.9,172,0
10:48,37.9,134,1
10:48,37.89,144,1
10:48,37.91,85,0
10:48,37.9,85,1
10:48,37.92,158,0
10:48,37.9,176,1
10:48,37.91,37,0
10:48,37.9,177,1
10:48,37.91,121,0
10:48,37.9,42,1
10:48,37.89,27,1
10:48,37.89,43,1
10:48,37.9,210,0
10:48,37.9,162,1
10:49,37.91,209,2
10:49,37.9,54,1
10:49,37.91,161,0
10:49,37.93,147,0
10:49,37.91,102,0
10:49,37.91,78,1
10:49,37.92,183,0
10:49,37.9,118,1
10:49,37.9,28,0
10:49,37.89,122,1
10:49,37.9,56,0
10:49,37.9,121,0
10:49,37.88,145,1
10:49,37.89,96,0
10:49,37.89,84,1
10:49,37.88,49,1
10:49,37.89,37,0
10:49,37.89,99,0
10:49,37.86,611,1
10:49,37.86,142,1
10:50,37.85,18,1
10:50,37.84,78,1
10:50,37.84,105,1
10:50,37.84,26,0
10:50,37.83,47,1
10:50,37.82,355,1
10:50,37.83,89,2
10:50,37.83,73,1
10:50,37.83,86,1
10:50,37.82,78,1
10:50,37.81,310,1
10:50,37.82,73,2
10:50,37.8,28,1
10:50,37.8,54,1
10:50,37.8,257,1
10:50,37.8,450,1
10:50,37.78,229,1
10:50,37.8,162,0
10:50,37.79,392,1
10:50,37.78,144,1
10:51,37.78,67,1
10:51,37.78,134,1
10:51,37.78,143,1
10:51,37.78,141,1
10:51,37.79,93,2
10:51,37.78,309,1
10:51,37.78,500,1
10:51,37.8,275,0
10:51,37.8,735,1
10:51,37.8,917,1
10:51,37.81,56,0
10:51,37.78,721,1
10:51,37.78,230,0
10:51,37.8,81,0
10:51,37.78,29,1
10:51,37.78,119,1
10:51,37.79,102,1
10:51,37.78,226,1
10:51,37.8,87,0
10:51,37.8,91,1
10:52,37.81,52,0
10:52,37.8,84,1
10:52,37.82,365,0
10:52,37.8,76,1
10:52,37.81,139,0
10:52,37.81,93,0
10:52,37.81,209,0
10:52,37.81,255,0
10:52,37.81,83,0
10:52,37.81,46,1
10:52,37.82,406,0
10:52,37.82,324,0
10:52,37.84,69,0
10:52,37.86,163,0
10:52,37.86,92,1
10:52,37.84,298,1
10:52,37.86,61,1
10:52,37.86,23,0
10:52,37.86,83,1
10:53,37.87,266,0
10:53,37.87,77,1
10:53,37.85,223,1
10:53,37.85,89,1
10:53,37.85,76,1
10:53,37.85,53,1
10:53,37.86,108,0
10:53,37.84,570,1
10:53,37.85,109,0
10:53,37.84,77,1
10:53,37.84,36,0
10:53,37.84,123,1
10:53,37.85,59,0
10:53,37.85,33,0
10:53,37.84,321,1
10:53,37.81,1204,1
10:53,37.84,108,0
10:53,37.81,45,1
10:53,37.82,14,1
10:53,37.8,509,1
10:54,37.8,802,1
10:54,37.8,338,2
10:54,37.78,175,1
10:54,37.79,1062,2
10:54,37.8,149,0
10:54,37.78,222,1
10:54,37.79,81,0
10:54,37.78,44,1
10:54,37.78,523,1
10:54,37.78,396,1
10:54,37.78,195,1
10:54,37.79,101,0
10:54,37.83,452,0
10:54,37.84,111,0
10:54,37.81,71,1
10:54,37.84,47,0
10:54,37.83,63,1
10:54,37.84,28,0
10:54,37.82,8,1
10:54,37.82,112,1
10:55,37.83,82,0
10:55,37.83,87,0
10:55,37.8,333,1
10:55,37.79,200,1
10:55,37.79,137,1
10:55,37.81,96,0
10:55,37.8,29,1
10:55,37.8,131,1
10:55,37.82,3,0
10:55,37.8,211,1
10:55,37.8,37,1
10:55,37.8,45,0
10:55,37.8,77,0
10:55,37.79,120,1
10:55,37.8,80,0
10:55,37.8,38,1
10:55,37.8,49,1
10:55,37.8,596,1
10:55,37.8,53,1
10:55,37.8,137,0
10:56,37.79,61,1
10:56,37.79,470,1
10:56,37.77,84,1
10:56,37.79,36,0
10:56,37.79,293,0
10:56,37.77,33,1
10:56,37.77,201,1
10:56,37.78,594,0
10:56,37.78,55,1
10:56,37.78,217,1
10:56,37.8,348,0
10:56,37.78,84,1
10:56,37.78,48,0
10:56,37.77,46,1
10:56,37.77,47,0
10:56,37.77,119,0
10:56,37.77,222,0
10:56,37.77,924,1
10:56,37.76,39,0
10:56,37.77,56,0
10:57,37.78,245,0
10:57,37.79,240,0
10:57,37.79,215,1
10:57,37.8,65,0
10:57,37.78,296,1
10:57,37.8,304,0
10:57,37.84,122,0
10:57,37.8,201,1
10:57,37.8,79,0
10:57,37.84,177,0
10:57,37.84,66,1
10:57,37.81,23,1
10:57,37.84,41,0
10:57,37.83,43,1
10:57,37.84,90,0
10:57,37.84,48,1
10:57,37.85,154,0
10:57,37.86,520,0
10:57,37.86,9,1
10:57,37.86,34,1
10:58,37.88,255,0
10:58,37.85,461,1
10:58,37.86,421,1
10:58,37.86,66,1
10:58,37.85,1745,1
10:58,37.86,381,0
10:58,37.86,130,1
10:58,37.85,60,1
10:58,37.86,64,0
10:58,37.84,67,1
10:58,37.87,771,0
10:58,37.87,72,1
10:58,37.86,53,1
10:58,37.86,37,1
10:58,37.87,161,0
10:58,37.85,77,1
10:58,37.85,173,1
10:58,37.86,288,0
10:58,37.86,80,1
10:58,37.87,61,0
10:59,37.87,14,0
10:59,37.87,66,0
10:59,37.86,30,1
10:59,37.86,272,0
10:59,37.85,145,1
10:59,37.85,98,0
10:59,37.85,8,0
10:59,37.85,15,0
10:59,37.84,128,1
10:59,37.84,24,0
10:59,37.83,69,1
10:59,37.83,197,1
10:59,37.82,572,1
10:59,37.82,59,1
10:59,37.82,30,1
10:59,37.82,119,0
10:59,37.82,116,0
10:59,37.82,12,1
10:59,37.81,85,1
10:59,37.82,16,0
11:00,37.81,135,1
11:00,37.81,80,1
11:00,37.81,37,1
11:00,37.81,43,1
11:00,37.81,263,0
11:00,37.82,303,0
11:00,37.82,156,1
11:00,37.83,174,0
11:00,37.83,295,1
11:00,37.85,80,0
11:00,37.83,6,1
11:00,37.84,31,0
11:00,37.84,96,0
11:00,37.84,40,1
11:00,37.84,56,1
11:00,37.84,20,0
11:00,37.84,407,0
11:00,37.83,134,1
11:00,37.83,215,0
11:00,37.81,63,1
11:01,37.82,26,0
11:01,37.82,50,1
11:01,37.82,17,0
11:01,37.82,69,0
11:01,37.82,1035,0
11:01,37.82,45,0
11:01,37.81,109,1
11:01,37.81,34,0
11:01,37.8,47,1
11:01,37.8,77,0
11:01,37.8,29,0
11:01,37.8,86,0
11:01,37.8,44,0
11:01,37.8,30,0
11:01,37.8,98,1
11:01,37.81,120,0
11:01,37.8,44,1
11:01,37.8,160,1
11:01,37.8,86,1
11:01,37.8,87,0
11:02,37.78,300,1
11:02,37.78,109,1
11:02,37.78,194,1
11:02,37.79,36,0
11:02,37.79,46,0
11:02,37.79,62,1
11:02,37.79,68,1
11:02,37.79,32,1
11:02,37.78,93,1
11:02,37.78,54,1
11:02,37.77,302,1
11:02,37.77,110,1
11:02,37.77,44,1
11:02,37.77,75,1
11:02,37.78,137,0
11:02,37.78,45,0
11:02,37.78,310,0
11:02,37.78,207,1
11:02,37.78,124,1
11:02,37.78,116,1
11:03,37.78,209,1
11:03,37.79,68,0
11:03,37.78,136,1
11:03,37.78,82,1
11:03,37.79,132,0
11:03,37.78,78,1
11:03,37.78,21,1
11:03,37.79,642,0
11:03,37.83,181,0
11:03,37.83,51,0
11:03,37.84,32,0
11:03,37.85,89,0
11:03,37.81,37,1
11:03,37.82,41,0
11:03,37.81,143,1
11:03,37.81,93,0
11:03,37.81,30,0
11:03,37.81,52,2
11:03,37.82,28,1
11:03,37.83,35,2
11:04,37.84,33,0
11:04,37.84,60,0
11:04,37.83,56,2
11:04,37.85,152,0
11:04,37.83,81,1
11:04,37.81,141,1
11:04,37.83,62,0
11:04,37.83,43,1
11:04,37.81,121,1
11:04,37.82,12,0
11:04,37.83,377,0
11:04,37.82,36,0
11:04,37.8,118,1
11:04,37.81,34,2
11:04,37.81,65,0
11:04,37.83,57,0
11:04,37.81,56,1
11:04,37.81,35,0
11:04,37.8,93,1
11:04,37.8,77,1
11:05,37.81,134,0
11:05,37.81,56,1
11:05,37.81,113,1
11:05,37.82,118,0
11:05,37.81,85,1
11:05,37.82,332,0
11:05,37.81,32,1
11:05,37.81,29,0
11:05,37.81,88,0
11:05,37.81,203,0
11:05,37.81,58,0
11:05,37.8,123,1
11:05,37.8,144,1
11:05,37.8,55,1
11:05,37.8,48,1
11:05,37.81,296,0
11:05,37.8,64,1
11:05,37.8,57,0
11:05,37.79,329,1
11:05,37.78,142,1
11:06,37.79,85,0
11:06,37.79,496,0
11:06,37.78,145,1
11:06,37.78,196,1
11:06,37.78,206,0
11:06,37.78,66,1
11:06,37.78,1137,1
11:06,37.79,170,0
11:06,37.78,40,1
11:06,37.78,39,1
11:06,37.78,39,1
11:06,37.78,222,1
11:06,37.78,78,1
11:06,37.78,143,1
11:06,37.78,62,0
11:06,37.78,32,0
11:06,37.78,81,0
11:06,37.77,69,1
11:06,37.77,623,1
11:06,37.77,110,0
11:07,37.75,31,1
11:07,37.75,1212,1
11:07,37.75,52,0
11:07,37.73,24,1
11:07,37.73,145,1
11:07,37.72,139,1
11:07,37.73,248,0
11:07,37.72,3274,1
11:07,37.71,202,1
11:07,37.7,121,1
11:07,37.71,143,0
11:07,37.7,229,1
11:07,37.7,242,0
11:07,37.69,232,1
11:07,37.69,378,1
11:07,37.69,377,1
11:07,37.69,77,0
11:07,37.7,362,0
11:07,37.7,211,0
11:07,37.7,67,0
11:08,37.7,355,0
11:08,37.69,153,1
11:08,37.7,203,0
11:08,37.69,243,1
11:08,37.66,3183,1
11:08,37.69,176,0
11:08,37.68,50,0
11:08,37.66,300,1
11:08,37.67,251,0
11:08,37.66,142,1
11:08,37.66,118,1
11:08,37.67,197,1
11:08,37.67,143,1
11:08,37.68,217,0
11:08,37.66,157,1
11:08,37.67,47,0
11:08,37.67,73,0
11:08,37.67,689,1
11:08,37.67,660,1
11:08,37.71,984,0
11:09,37.71,100,1
11:09,37.74,166,0
11:09,37.74,76,2
11:09,37.77,305,0
11:09,37.8,207,0
11:09,37.79,448,2
11:09,37.89,1276,0
11:09,37.93,439,0
11:09,38.05,9734,0
11:09,38.07,1286,0
11:09,38.09,670,0
11:09,38.1,2017,0
11:09,38.07,804,1
11:09,38.09,527,0
11:09,38.05,804,1
11:09,38.07,429,2
11:09,38.05,512,1
11:09,38.11,5305,0
11:09,38.2,4366,0
11:09,38.2,3696,0
11:10,38.21,714,0
11:10,38.2,342,1
11:10,38.18,747,1
11:10,38.13,615,1
11:10,38.12,281,1
11:10,38.12,515,0
11:10,38.1,1076,1
11:10,38.1,1349,0
11:10,38.07,947,1
11:10,38.11,360,0
11:10,38.11,336,0
11:10,38.1,295,1
11:10,38.1,948,1
11:10,38.1,1254,1
11:10,38.07,191,1
11:10,38.11,1884,0
11:10,38.12,520,1
11:10,38.19,1040,0
11:10,38.2,813,0
11:10,38.19,601,1
11:11,38.18,1031,1
11:11,38.19,719,0
11:11,38.18,523,1
11:11,38.19,316,0
11:11,38.27,7299,0
11:11,38.24,806,1
11:11,38.35,10516,0
11:11,38.36,1601,1
11:11,38.38,3933,0
11:11,38.37,2421,1
11:11,38.3,2164,1
11:11,38.29,716,2
11:11,38.26,1066,1
11:11,38.2,651,1
11:11,38.2,366,1
11:11,38.2,258,1
11:11,38.19,388,1
11:11,38.19,419,1
11:11,38.2,666,0
11:11,38.2,376,1
11:12,38.2,409,1
11:12,38.19,485,1
11:12,38.19,182,1
11:12,38.19,226,2
11:12,38.18,471,0
11:12,38.17,110,1
11:12,38.15,123,1
11:12,38.15,441,1
11:12,38.12,97,1
11:12,38.11,94,1
11:12,38.11,165,1
11:12,38.11,383,1
11:12,38.1,174,1
11:12,38.09,126,1
11:12,38.1,163,0
11:12,38.09,146,0
11:12,38.07,237,1
11:12,38.07,259,1
11:12,38.06,182,1
11:12,38.07,176,0
11:13,38.07,149,0
11:13,38.06,281,1
11:13,38.07,302,0
11:13,38.07,468,1
11:13,38.08,168,0
11:13,38.08,171,1
11:13,38.08,280,1
11:13,38.08,100,1
11:13,38.08,285,0
11:13,38.07,242,1
11:13,38.07,97,1
11:13,38.04,833,1
11:13,38.06,172,0
11:13,38.06,152,0
11:13,38.04,268,1
11:13,38.05,137,0
11:13,38.05,65,0
11:13,38.06,90,0
11:13,38.06,271,0
11:13,38.06,73,1
11:14,38.06,147,1
11:14,38.06,236,0
11:14,38.05,95,1
11:14,38.05,262,1
11:14,38.05,43,0
11:14,38.05,147,0
11:14,38.04,213,1
11:14,38.04,95,1
11:14,38.05,1815,0
11:14,38.05,151,1
11:14,38.05,304,0
11:14,38.05,242,1
11:14,38.05,312,0
11:14,38.05,554,0
11:14,38.05,149,0
11:14,38.04,188,1
11:14,38.05,286,0
11:14,38.05,74,0
11:14,38.05,108,0
11:14,38.05,247,0
11:15,38.06,588,0
11:15,38.07,36,0
11:15,38.07,80,0
11:15,38.08,66,0
11:15,38.07,101,1
11:15,38.08,600,0
11:15,38.06,720,1
11:15,38.07,980,2
11:15,38.06,256,2
11:15,38.08,93,0
11:15,38.05,352,1
11:15,38.08,145,0
11:15,38.07,151,1
11:15,38.07,133,1
11:15,38.09,39,0
11:15,38.08,31,0
11:15,38.09,138,0
11:15,38.09,73,0
11:15,38.09,380,0
11:15,38.08,283,1
11:16,38.09,144,0
11:16,38.09,144,0
11:16,38.09,86,1
11:16,38.09,330,1
11:16,38.1,97,0
11:16,38.1,84,0
11:16,38.1,488,0
11:16,38.1,213,0
11:16,38.1,121,2
11:16,38.12,432,0
11:16,38.09,172,1
11:16,38.12,65,0
11:16,38.1,108,1
11:16,38.11,135,0
11:16,38.11,220,0
11:16,38.11,630,0
11:16,38.07,701,1
11:16,38.07,351,1
11:16,38.08,10,1
11:16,38.09,45,0
11:17,38.08,353,1
11:17,38.1,83,0
11:17,38.08,192,1
11:17,38.09,77,0
11:17,38.06,806,1
11:17,38.04,893,1
11:17,38.04,227,1
11:17,38.04,150,1
11:17,38.05,29,0
11:17,38.02,890,1
11:17,38.01,52,2
11:17,38.0,1126,1
11:17,37.98,86,1
11:17,37.99,32,0
11:17,37.99,87,0
11:17,37.98,350,1
11:17,37.98,7,0
11:17,37.96,70,1
11:17,37.98,131,0
11:17,37.94,53,1
11:18,37.95,145,0
11:18,37.95,134,1
11:18,37.95,339,0
11:18,37.96,43,1
11:18,37.95,40,1
11:18,37.95,27,1
11:18,37.97,130,2
11:18,37.98,29,0
11:18,37.98,80,0
11:18,37.97,26,0
11:18,37.98,29,2
11:18,37.99,11,0
11:18,37.98,66,1
11:18,37.99,81,0
11:18,37.98,94,1
11:18,38.0,361,0
11:18,37.99,56,1
11:18,38.0,131,0
11:18,38.0,27,0
11:18,38.0,78,0
11:19,38.0,607,0
11:19,38.0,139,1
11:19,38.0,410,1
11:19,38.01,369,0
11:19,38.01,73,1
11:19,38.05,530,0
11:19,38.05,150,0
11:19,38.05,14,0
11:19,38.05,138,0
11:19,38.05,362,0
11:19,38.02,110,1
11:19,38.04,194,0
11:19,38.03,76,0
11:19,38.06,432,0
11:19,38.05,62,1
11:19,38.07,268,0
11:19,38.07,30,0
11:19,38.07,718,1
11:19,38.08,711,1
11:19,38.12,94,0
11:20,38.08,24,1
11:20,38.08,86,1
11:20,38.07,132,1
11:20,38.08,212,0
11:20,38.07,96,1
11:20,38.09,91,0
11:20,38.08,136,0
11:20,38.05,393,1
11:20,38.04,142,1
11:20,38.05,62,0
11:20,38.04,77,1
11:20,38.04,32,0
11:20,38.01,84,1
11:20,38.02,14,2
11:20,38.02,47,1
11:20,38.02,41,0
11:20,38.01,144,1
11:20,38.01,55,1
11:20,38.0,233,1
11:20,38.01,23,0
11:21,38.0,41,1
11:21,38.0,148,1
11:21,38.0,62,1
11:21,38.01,38,0
11:21,38.02,61,0
11:21,38.01,48,1
11:21,38.01,166,0
11:21,38.0,84,1
11:21,38.01,162,0
11:21,38.01,1034,0
11:21,38.01,274,0
11:21,38.01,68,1
11:21,38.0,809,1
11:21,37.99,127,2
11:21,37.98,11,1
11:21,37.98,89,1
11:21,37.97,37,1
11:21,37.98,34,0
11:21,37.97,36,1
11:21,37.97,117,1
11:22,37.97,271,0
11:22,37.96,103,1
11:22,37.97,16,2
11:22,37.96,41,1
11:22,37.96,154,0
11:22,37.95,67,1
11:22,37.95,64,1
11:22,37.96,83,0
11:22,37.95,205,1
11:22,37.96,32,1
11:22,37.95,48,1
11:22,37.96,40,0
11:22,37.96,49,1
11:22,37.96,14,1
11:22,37.96,1004,1
11:22,37.95,70,1
11:22,37.92,253,1
11:22,37.92,28,1
11:22,37.92,66,1
11:22,37.9,270,1
11:23,37.89,648,1
11:23,37.92,626,0
11:23,37.91,216,1
11:23,37.92,9,1
11:23,37.94,95,0
11:23,37.94,562,0
11:23,37.94,653,0
11:23,37.97,31,0
11:23,37.97,226,0
11:23,37.97,58,0
11:23,37.97,83,1
11:23,37.97,92,1
11:23,37.97,54,1
11:23,37.97,296,1
11:23,37.99,47,0
11:23,37.98,38,1
11:23,37.99,50,0
11:23,37.99,951,0
11:23,37.99,37,1
11:23,38.0,33,0
11:24,38.0,58,0
11:24,38.0,110,0
11:24,37.99,165,1
11:24,37.98,105,1
11:24,38.0,751,0
11:24,38.0,225,1
11:24,37.99,132,1
11:24,37.99,48,0
11:24,37.98,54,1
11:24,37.98,145,1
11:24,37.98,85,0
11:24,38.01,1659,0
11:24,38.01,235,0
11:24,38.03,12,0
11:24,38.02,20,1
11:24,38.03,109,0
11:24,38.05,517,0
11:24,38.08,119,0
11:24,38.08,55,0
11:24,38.07,35,2
11:25,38.08,123,0
11:25,38.06,108,1
11:25,38.04,45,1
11:25,38.05,19,2
11:25,38.05,90,0
11:25,38.08,288,0
11:25,38.08,255,1
11:25,38.08,299,1
11:25,38.08,90,1
11:25,38.08,84,1
11:25,38.08,69,0
11:25,38.05,9,1
11:25,38.05,224,1
11:25,38.08,220,0
11:25,38.08,56,1
11:25,38.06,761,1
11:25,38.07,10,0
11:25,38.06,91,0
11:25,38.1,2537,0
11:25,38.1,367,1
11:26,38.1,67,1
11:26,38.09,122,1
11:26,38.1,165,0
11:26,38.1,587,0
11:26,38.08,211,1
11:26,38.1,235,0
11:26,38.09,47,0
11:26,38.09,1659,0
11:26,38.1,505,0
11:26,38.09,78,1
11:26,38.09,77,1
11:26,38.08,176,1
11:26,38.06,98,1
11:26,38.06,50,1
11:26,38.06,86,1
11:26,38.06,279,0
11:26,38.06,60,1
11:26,38.06,62,1
11:26,38.06,86,1
11:26,38.06,543,0
11:27,38.06,129,0
11:27,38.07,184,0
11:27,38.07,122,1
11:27,38.06,66,1
11:27,38.05,306,1
11:27,38.02,107,1
11:27,38.06,43,0
11:27,38.06,458,0
11:27,38.05,96,0
11:27,38.02,28,1
11:27,38.02,31,1
11:27,38.06,473,0
11:27,38.05,10,1
11:27,38.05,12,1
11:27,38.05,31,0
11:27,38.05,28,0
11:27,38.05,39,0
11:27,38.05,41,0
11:27,38.02,221,1
11:27,38.02,66,1
11:28,38.02,50,1
11:28,38.03,57,0
11:28,38.02,111,1
11:28,38.02,41,0
11:28,38.01,337,1
11:28,38.01,361,1
11:28,38.02,2688,0
11:28,38.02,84,1
11:28,38.02,213,1
11:28,38.02,84,1
11:28,38.02,248,1
11:28,38.01,27,1
11:28,38.02,56,0
11:28,38.01,96,1
11:28,38.0,36,1
11:28,38.01,87,0
11:28,38.0,63,1
11:28,38.0,31,1
11:28,38.01,146,0
11:28,38.01,21,0
11:29,38.01,396,0
11:29,38.01,94,2
11:29,38.02,294,0
11:29,38.02,99,0
11:29,38.02,271,0
11:29,38.02,9,0
11:29,38.02,141,0
11:29,38.03,113,0
11:29,38.02,273,1
11:29,38.02,270,0
11:29,38.01,87,1
11:29,38.03,94,0
11:29,38.03,154,0
11:29,38.03,61,1
11:29,38.03,39,0
11:29,38.03,40,2
11:29,38.03,136,1
11:29,38.03,62,1
11:29,38.03,107,1
11:29,38.03,130,0
11:30,38.03,46,0
13:00,38.03,3159,0
13:00,38.08,5100,0
13:00,38.07,100,0
13:00,38.07,67,1
13:00,38.06,115,2
13:00,38.05,153,1
13:00,37.91,3134,1
13:00,37.99,47,0
13:00,37.93,58,1
13:00,37.91,108,1
13:00,37.93,148,1
13:00,37.93,144,1
13:00,37.92,667,1
13:00,37.93,111,0
13:00,37.99,57,0
13:00,37.92,65,1
13:00,37.94,231,1
13:00,37.94,334,0
13:00,37.94,260,0
13:00,37.95,61,1
13:01,37.94,43,1
13:01,37.94,80,1
13:01,37.95,91,0
13:01,37.94,245,1
13:01,37.95,50,0
13:01,37.94,67,1
13:01,37.94,119,1
13:01,37.95,712,0
13:01,37.95,73,0
13:01,37.95,21,1
13:01,37.96,5,0
13:01,37.95,29,1
13:01,37.95,188,1
13:01,37.94,58,1
13:01,37.95,104,0
13:01,37.94,174,1
13:01,37.95,134,0
13:01,37.96,58,2
13:01,37.96,21,1
13:01,37.99,11,0
13:02,37.99,140,0
13:02,37.99,38,0
13:02,37.97,115,1
13:02,37.97,44,0
13:02,37.97,215,0
13:02,37.96,199,1
13:02,37.96,202,1
13:02,37.97,98,0
13:02,37.97,598,0
13:02,37.96,33,1
13:02,37.97,64,0
13:02,37.99,45,0
13:02,37.97,115,1
13:02,37.99,201,0
13:02,37.99,84,1
13:02,37.99,81,1
13:02,38.0,226,0
13:02,38.0,86,1
13:02,37.99,37,1
13:02,37.9,1057,1
13:03,37.95,178,2
13:03,37.94,210,1
13:03,37.96,18,0
13:03,37.94,129,1
13:03,37.92,28,1
13:03,37.95,462,0
13:03,37.97,87,0
13:03,37.97,23,1
13:03,37.96,6,1
13:03,37.96,95,1
13:03,37.96,151,0
13:03,37.95,264,1
13:03,37.94,510,1
13:03,37.94,222,0
13:03,37.94,60,0
13:03,37.94,36,1
13:03,37.95,41,0
13:03,37.95,79,1
13:03,37.94,85,1
13:03,37.94,45,1
13:04,37.95,99,0
13:04,37.95,204,0
13:04,37.95,32,1
13:04,37.96,21,0
13:04,37.96,181,0
13:04,37.96,16,0
13:04,37.96,68,0
13:04,37.95,9,0
13:04,37.95,122,0
13:04,37.95,277,0
13:04,37.95,273,1
13:04,37.94,154,1
13:04,37.94,69,1
13:04,37.94,60,1
13:04,37.94,310,1
13:04,37.93,26,1
13:04,37.94,27,0
13:04,37.94,24,0
13:04,37.93,48,1
13:04,37.94,65,0
13:05,37.94,370,0
13:05,37.92,32,1
13:05,37.93,132,1
13:05,37.94,110,0
13:05,37.95,368,0
13:05,37.95,23,1
13:05,37.95,532,1
13:05,37.94,115,1
13:05,37.94,80,1
13:05,37.94,129,0
13:05,37.93,84,1
13:05,37.94,109,0
13:05,37.94,23,1
13:05,37.94,37,1
13:05,37.95,63,0
13:05,37.94,139,1
13:05,37.94,107,0
13:05,37.95,109,0
13:05,37.95,37,1
13:05,37.95,31,0
13:06,37.93,88,1
13:06,37.95,160,0
13:06,37.93,574,1
13:06,37.95,103,0
13:06,37.95,44,1
13:06,37.95,783,1
13:06,37.94,98,1
13:06,37.95,52,1
13:06,37.95,51,0
13:06,37.94,104,1
13:06,37.95,72,0
13:06,37.93,265,1
13:06,37.92,340,1
13:06,37.92,568,1
13:06,37.91,735,1
13:06,37.93,209,0
13:06,37.94,30,0
13:06,37.93,23,0
13:06,37.91,93,1
13:06,37.93,62,0
13:07,37.92,214,1
13:07,37.92,82,1
13:07,37.93,93,0
13:07,37.92,60,1
13:07,37.92,84,1
13:07,37.92,159,1
13:07,37.93,95,0
13:07,37.92,191,1
13:07,37.93,113,0
13:07,37.92,54,1
13:07,37.93,58,0
13:07,37.93,9,1
13:07,37.93,104,1
13:07,37.93,86,1
13:07,37.93,142,1
13:07,37.9,2064,1
13:07,37.9,143,0
13:07,37.89,68,1
13:07,37.89,130,1
13:07,37.9,220,0
13:08,37.89,147,1
13:08,37.89,213,1
13:08,37.89,167,0
13:08,37.9,72,0
13:08,37.89,99,1
13:08,37.9,125,0
13:08,37.9,158,0
13:08,37.9,85,0
13:08,37.9,918,0
13:08,37.92,46,0
13:08,37.92,44,0
13:08,37.92,37,2
13:08,37.92,68,1
13:08,37.92,112,1
13:08,37.92,69,0
13:08,37.91,40,1
13:08,37.92,342,0
13:08,37.93,29,0
13:08,37.93,132,0
13:08,37.93,80,0
13:09,37.93,79,1
13:09,37.94,25,0
13:09,37.93,265,1
13:09,37.93,48,1
13:09,37.94,86,0
13:09,37.93,60,1
13:09,37.93,61,0
13:09,37.93,59,0
13:09,37.92,377,1
13:09,37.93,70,1
13:09,37.93,16,0
13:09,37.92,70,1
13:09,37.92,72,1
13:09,37.9,340,1
13:09,37.91,73,0
13:09,37.9,134,1
13:09,37.89,1774,1
13:09,37.89,90,0
13:09,37.89,408,0
13:09,37.89,217,1
13:10,37.89,39,1
13:10,37.9,76,0
13:10,37.89,137,1
13:10,37.88,48,1
13:10,37.88,222,1
13:10,37.89,1207,0
13:10,37.88,1804,1
13:10,37.87,108,0
13:10,37.86,80,1
13:10,37.86,435,1
13:10,37.86,64,0
13:10,37.85,307,1
13:10,37.85,169,1
13:10,37.85,85,1
13:10,37.84,118,1
13:10,37.85,326,0
13:10,37.84,174,1
13:10,37.84,125,0
13:10,37.83,150,1
13:10,37.84,128,0
13:11,37.85,277,0
13:11,37.84,51,1
13:11,37.84,95,1
13:11,37.84,327,1
13:11,37.85,70,1
13:11,37.86,117,0
13:11,37.86,35,0
13:11,37.86,42,0
13:11,37.86,40,1
13:11,37.86,26,1
13:11,37.86,166,1
13:11,37.87,108,0
13:11,37.85,153,1
13:11,37.85,85,1
13:11,37.86,104,0
13:11,37.86,414,0
13:11,37.86,49,0
13:11,37.86,230,0
13:11,37.84,393,1
13:11,37.84,622,1
13:12,37.84,250,1
13:12,37.83,296,1
13:12,37.84,98,0
13:12,37.83,108,1
13:12,37.82,330,1
13:12,37.83,83,1
13:12,37.81,918,1
13:12,37.85,381,0
13:12,37.85,302,1
13:12,37.83,29,1
13:12,37.84,75,2
13:12,37.84,49,0
13:12,37.83,146,1
13:12,37.83,204,0
13:12,37.82,121,1
13:12,37.83,361,0
13:12,37.82,105,1
13:12,37.83,212,0
13:12,37.84,2052,0
13:12,37.83,150,2
13:13,37.84,109,0
13:13,37.83,81,1
13:13,37.83,33,1
13:13,37.85,505,0
13:13,37.83,179,1
13:13,37.85,40,0
13:13,37.85,72,0
13:13,37.86,60,0
13:13,37.87,344,0
13:13,37.86,99,1
13:13,37.86,210,0
13:13,37.86,116,0
13:13,37.86,43,1
13:13,37.86,167,1
13:13,37.87,229,0
13:13,37.87,33,1
13:13,37.88,67,0
13:13,37.88,147,0
13:13,37.87,34,1
13:13,37.86,23,1
13:14,37.87,48,0
13:14,37.87,90,1
13:14,37.87,71,1
13:14,37.88,124,0
13:14,37.88,121,0
13:14,37.88,55,1
13:14,37.88,26,1
13:14,37.88,43,1
13:14,37.89,183,0
13:14,37.89,23,1
13:14,37.9,70,0
13:14,37.9,91,0
13:14,37.91,26,0
13:14,37.91,1308,0
13:14,37.92,78,0
13:14,37.92,253,0
13:14,37.92,136,2
13:14,37.91,103,1
13:14,37.93,606,0
13:14,37.93,118,0
13:15,37.92,329,1
13:15,37.92,117,0
13:15,37.92,104,0
13:15,37.88,29,1
13:15,37.89,134,0
13:15,37.86,42,1
13:15,37.85,33,1
13:15,37.86,18,0
13:15,37.85,409,1
13:15,37.85,65,0
13:15,37.84,139,1
13:15,37.85,59,0
13:15,37.84,123,0
13:15,37.83,345,1
13:15,37.84,296,0
13:15,37.84,89,1
13:15,37.82,65,1
13:15,37.83,53,2
13:15,37.84,118,0
13:15,37.82,338,1
13:16,37.81,70,1
13:16,37.81,582,1
13:16,37.8,2892,1
13:16,37.8,313,1
13:16,37.81,345,0
13:16,37.81,220,1
13:16,37.81,239,1
13:16,37.82,326,0
13:16,37.81,185,2
13:16,37.8,162,1
13:16,37.81,57,2
13:16,37.81,1518,1
13:16,37.8,396,1
13:16,37.8,99,0
13:16,37.8,256,0
13:16,37.8,493,0
13:16,37.79,151,1
13:16,37.79,245,0
13:16,37.78,130,1
13:16,37.79,243,0
13:17,37.78,375,1
13:17,37.78,140,0
09:25,36.9,8590,2
09:30,36.9,5059,0
09:30,36.9,9585,0
09:30,37.0,3394,0
09:30,36.9,990,1
09:30,36.94,667,0
09:30,37.0,524,0
09:30,36.94,700,1
09:30,36.97,579,0
09:30,37.04,627,0
09:30,36.98,620,1
09:30,37.0,1103,0
09:30,37.05,615,0
09:30,37.06,664,0
09:30,37.05,967,1
09:30,37.05,695,0
09:30,37.04,936,0
09:30,37.05,2052,0
09:30,37.01,810,1
09:30,37.0,1461,1
09:30,36.98,1860,1
09:31,36.94,1204,1
09:31,36.97,829,0
09:31,36.98,903,0
09:31,37.03,596,0
09:31,37.03,471,0
09:31,37.03,420,1
09:31,37.02,601,2
09:31,37.01,230,2
09:31,37.02,735,0
09:31,37.03,840,0
09:31,37.04,1283,0
09:31,37.09,557,0
09:31,37.1,459,0
09:31,37.1,564,0
09:31,37.15,763,0
09:31,37.16,517,0
09:31,37.16,434,0
09:31,37.15,858,1
09:31,37.12,880,1
09:31,37.09,1975,1
09:32,37.06,632,1
09:32,37.08,1044,0
09:32,37.09,392,1
09:32,37.1,2358,0
09:32,37.1,658,1
09:32,37.1,396,0
09:32,37.1,1142,0
09:32,37.09,905,1
09:32,37.07,349,1
09:32,37.07,344,1
09:32,37.06,644,1
09:32,37.04,1737,1
09:32,37.03,1072,1
09:32,37.03,1293,1
09:32,37.01,467,1
09:32,37.0,468,1
09:32,36.99,1462,1
09:32,36.97,658,1
09:32,36.96,315,1
09:32,36.95,251,1
09:33,36.94,840,1
09:33,36.93,438,1
09:33,36.92,235,1
09:33,36.91,587,1
09:33,36.91,1048,1
09:33,36.9,1124,1
09:33,36.9,1116,1
09:33,36.9,1585,1
09:33,36.88,1562,1
09:33,36.87,618,1
09:33,36.86,1231,1
09:33,36.85,773,1
09:33,36.85,1849,1
09:33,36.84,1575,1
09:33,36.84,867,1
09:33,36.88,7034,0
09:33,36.88,1141,1
09:33,36.9,905,0
09:33,36.9,524,1
09:33,36.91,814,0
09:34,36.91,766,1
09:34,36.92,1016,0
09:34,36.92,355,2
09:34,36.91,494,1
09:34,36.91,755,1
09:34,36.9,524,1
09:34,36.91,353,0
09:34,36.89,1473,1
09:34,36.89,591,0
09:34,36.85,765,1
09:34,36.85,797,1
09:34,36.85,699,1
09:34,36.84,596,1
09:34,36.84,1065,1
09:34,36.84,1364,1
09:34,36.8,9841,1
09:34,36.82,2563,0
09:34,36.81,594,2
09:34,36.8,993,2
09:34,36.79,1314,1
09:35,36.78,978,1
09:35,36.78,1941,1
09:35,36.77,1427,1
09:35,36.77,884,1
09:35,36.77,1463,0
09:35,36.76,2258,1
09:35,36.76,992,1
09:35,36.75,900,1
09:35,36.75,695,1
09:35,36.74,577,1
09:35,36.75,6576,0
09:35,36.75,1598,1
09:35,36.76,1225,0
09:35,36.76,871,1
09:35,36.76,516,0
09:35,36.77,794,0
09:35,36.76,1166,1
09:35,36.76,682,1
09:35,36.77,908,0
09:35,36.77,1855,0
09:36,36.77,1069,0
09:36,36.77,1791,1
09:36,36.77,1071,1
09:36,36.77,676,1
09:36,36.76,2093,1
09:36,36.76,832,0
09:36,36.73,2875,1
09:36,36.73,992,0
09:36,36.71,1263,1
09:36,36.7,731,1
09:36,36.69,2461,1
09:36,36.69,929,0
09:36,36.68,1083,1
09:36,36.68,2792,0
09:36,36.63,5080,1
09:36,36.61,742,1
09:36,36.61,984,1
09:36,36.6,1659,1
09:36,36.6,1540,1
09:36,36.58,1013,1
09:37,36.57,375,1
09:37,36.56,1325,1
09:37,36.58,2362,0
09:37,36.58,3864,1
09:37,36.59,1039,0
09:37,36.62,4404,0
09:37,36.65,585,0
09:37,36.65,436,0
09:37,36.71,1762,0
09:37,36.71,257,0
09:37,36.71,1705,0
09:37,36.73,1447,2
09:37,36.75,731,0
09:37,36.76,455,0
09:37,36.76,513,0
09:37,36.76,902,1
09:37,36.77,2233,0
09:37,36.76,2213,1
09:37,36.77,738,2
09:37,36.77,891,1
09:38,36.77,1289,1
09:38,36.75,1175,1
09:38,36.76,501,0
09:38,36.73,964,1
09:38,36.75,663,0
09:38,36.73,291,1
09:38,36.73,692,1
09:38,36.73,261,0
09:38,36.72,1135,1
09:38,36.73,853,0
09:38,36.74,972,0
09:38,36.72,473,1
09:38,36.71,541,1
09:38,36.7,335,1
09:38,36.7,555,1
09:38,36.7,621,1
09:38,36.7,476,0
09:38,36.72,3093,0
09:38,36.72,1325,1
09:38,36.73,520,0
09:39,36.76,1503,0
09:39,36.74,527,1
09:39,36.75,947,0
09:39,36.75,448,0
09:39,36.76,326,0
09:39,36.78,495,0
09:39,36.78,176,0
09:39,36.8,149,0
09:39,36.8,991,0
09:39,36.82,303,0
09:39,36.82,468,0
09:39,36.83,364,0
09:39,36.83,221,0
09:39,36.84,168,0
09:39,36.84,1182,0
09:39,36.85,282,0
09:39,36.87,155,0
09:39,36.87,1926,0
09:39,36.87,364,0
09:39,36.9,691,0
09:40,36.89,118,0
09:40,36.88,829,1
09:40,36.88,595,0
09:40,36.88,423,0
09:40,36.87,1216,1
09:40,36.88,821,0
09:40,36.88,597,0
09:40,36.88,1474,1
09:40,36.98,2660,0
09:40,36.9,442,1
09:40,36.94,314,0
09:40,36.9,960,1
09:40,36.96,384,0
09:40,36.96,170,0
09:40,36.95,606,1
09:40,36.93,325,0
09:40,36.94,220,0
09:40,36.94,1346,1
09:40,36.96,269,0
09:40,36.96,383,0
09:41,36.97,437,2
09:41,36.98,1044,0
09:41,36.98,347,1
09:41,36.98,568,1
09:41,36.98,281,1
09:41,36.98,537,0
09:41,36.98,333,0
09:41,36.96,386,1
09:41,36.97,399,0
09:41,36.95,1555,1
09:41,36.94,92,1
09:41,36.94,285,1
09:41,36.93,304,1
09:41,36.92,174,2
09:41,36.92,175,2
09:41,36.91,209,1
09:41,36.9,349,1
09:41,36.91,415,0
09:41,36.89,410,1
09:41,36.88,472,1
09:42,36.89,293,0
09:42,36.88,278,1
09:42,36.87,340,1
09:42,36.86,320,1
09:42,36.85,417,1
09:42,36.85,183,1
09:42,36.85,503,0
09:42,36.84,1274,1
09:42,36.82,501,1
09:42,36.86,478,0
09:42,36.84,300,1
09:42,36.84,140,0
09:42,36.82,374,1
09:42,36.81,224,1
09:42,36.82,587,0
09:42,36.82,1020,1
09:42,36.81,149,1
09:42,36.8,252,1
09:42,36.81,861,1
09:42,36.8,357,1
09:43,36.8,1032,1
09:43,36.79,203,1
09:43,36.8,302,0
09:43,36.78,666,1
09:43,36.78,638,1
09:43,36.8,1493,0
09:43,36.8,473,1
09:43,36.84,784,0
09:43,36.87,385,0
09:43,36.82,218,1
09:43,36.88,151,0
09:43,36.87,367,1
09:43,36.87,179,0
09:43,36.88,453,0
09:43,36.88,227,0
09:43,36.87,421,1
09:43,36.87,226,0
09:43,36.92,1245,0
09:43,36.93,250,0
09:43,36.92,140,0
09:44,36.93,113,0
09:44,36.92,263,1
09:44,36.92,299,1
09:44,36.92,238,0
09:44,36.9,518,1
09:44,36.88,377,1
09:44,36.88,299,0
09:44,36.9,228,0
09:44,36.88,130,1
09:44,36.88,210,1
09:44,36.9,365,0
09:44,36.9,233,0
09:44,36.9,237,0
09:44,36.93,1937,0
09:44,36.93,507,1
09:44,36.93,252,0
09:44,36.93,175,0
09:44,36.93,122,0
09:44,36.91,439,1
09:44,36.93,171,0
09:45,36.9,128,1
09:45,36.91,348,1
09:45,36.95,1374,0
09:45,36.97,515,0
09:45,37.02,3731,0
09:45,37.02,192,1
09:45,37.05,243,0
09:45,37.07,285,0
09:45,37.07,309,0
09:45,37.07,1544,1
09:45,37.09,1998,0
09:45,37.08,794,1
09:45,37.1,2124,0
09:45,37.09,561,1
09:45,37.1,228,2
09:45,37.11,1095,0
09:45,37.12,538,0
09:45,37.13,247,0
09:45,37.12,953,1
09:45,37.11,1248,1
09:46,37.11,401,0
09:46,37.11,637,1
09:46,37.1,501,1
09:46,37.09,551,1
09:46,37.08,516,1
09:46,37.08,357,1
09:46,37.06,824,1
09:46,37.08,2681,0
09:46,37.12,807,0
09:46,37.12,533,1
09:46,37.12,820,1
09:46,37.12,269,1
09:46,37.14,467,0
09:46,37.15,231,0
09:46,37.16,753,0
09:46,37.16,601,0
09:46,37.14,806,1
09:46,37.16,325,1
09:46,37.2,4797,0
09:46,37.23,855,0
09:47,37.27,734,0
09:47,37.31,3562,0
09:47,37.5,9959,0
09:47,37.55,3599,0
09:47,37.58,1316,0
09:47,37.58,892,0
09:47,37.59,3117,0
09:47,37.59,2334,0
09:47,37.62,1926,0
09:47,37.7,3841,0
09:47,37.73,2914,0
09:47,37.79,1727,0
09:47,37.79,2030,0
09:47,37.78,2561,1
09:47,37.75,3756,1
09:47,37.7,3353,1
09:47,37.72,2035,0
09:47,37.75,4324,0
09:47,37.75,3008,1
09:47,37.78,2770,0
09:48,37.79,3854,0
09:48,37.79,2986,1
09:48,37.82,3302,0
09:48,37.8,1836,1
09:48,37.81,1618,0
09:48,37.82,2699,0
09:48,37.83,3843,0
09:48,37.82,3009,1
09:48,37.82,3826,1
09:48,37.9,11266,0
09:48,37.93,3840,0
09:48,37.96,1470,0
09:48,37.97,7551,0
09:48,37.99,5818,0
09:48,37.99,4150,1
09:48,38.0,4017,0
09:48,37.99,4700,2
09:48,37.97,3823,1
09:48,38.0,6781,0
09:48,38.03,3570,0
09:49,38.01,1497,1
09:49,37.97,3169,1
09:49,37.94,3605,1
09:49,37.87,1217,1
09:49,37.87,1143,1
09:49,37.85,586,1
09:49,37.84,981,1
09:49,37.85,4602,0
09:49,37.85,4879,0
09:49,37.86,3149,1
09:49,37.88,2558,0
09:49,37.93,1864,0
09:49,37.89,2312,1
09:49,37.93,1082,0
09:49,37.92,797,1
09:49,37.89,2251,1
09:49,37.88,1171,1
09:49,37.87,1162,1
09:49,37.87,2276,1
09:49,37.87,4071,1
09:50,37.87,1489,0
09:50,37.86,1064,1
09:50,37.85,1433,2
09:50,37.85,1561,1
09:50,37.84,649,1
09:50,37.84,665,0
09:50,37.83,862,1
09:50,37.83,2009,1
09:50,37.83,2414,1
09:50,37.83,1057,0
09:50,37.82,1074,2
09:50,37.81,1475,1
09:50,37.8,657,1
09:50,37.8,935,1
09:50,37.79,314,2
09:50,37.78,508,1
09:50,37.78,637,1
09:50,37.78,1651,0
09:50,37.76,584,1
09:50,37.76,604,1
09:51,37.75,376,1
09:51,37.75,1864,1
09:51,37.74,927,1
09:51,37.74,1123,1
09:51,37.74,2247,0
09:51,37.71,481,1
09:51,37.7,920,1
09:51,37.7,563,1
09:51,37.69,420,1
09:51,37.68,844,1
09:51,37.66,234,1
09:51,37.65,385,1
09:51,37.65,463,0
09:51,37.63,319,1
09:51,37.63,1618,1
09:51,37.63,1155,2
09:51,37.62,1493,1
09:51,37.62,1093,0
09:51,37.62,1033,1
09:51,37.66,1986,0
09:52,37.66,889,0
09:52,37.67,1384,0
09:52,37.7,617,0
09:52,37.7,436,0
09:52,37.7,4163,0
09:52,37.7,1540,0
09:52,37.7,1554,1
09:52,37.69,844,0
09:52,37.69,670,0
09:52,37.69,3450,0
09:52,37.69,1020,1
09:52,37.68,667,1
09:52,37.68,984,0
09:52,37.67,684,2
09:52,37.67,503,0
09:52,37.67,596,1
09:52,37.67,1808,1
09:52,37.67,389,0
09:52,37.67,961,0
09:52,37.67,404,0
09:53,37.66,489,0
09:53,37.65,661,1
09:53,37.64,608,1
09:53,37.63,449,1
09:53,37.63,815,1
09:53,37.62,847,1
09:53,37.6,1453,1
09:53,37.6,996,1
09:53,37.6,769,0
09:53,37.59,498,1
09:53,37.57,403,1
09:53,37.59,656,0
09:53,37.6,3690,0
09:53,37.6,645,1
09:53,37.61,1760,1
09:53,37.7,641,0
09:53,37.67,343,1
09:53,37.7,87,0
09:53,37.67,304,0
09:53,37.57,2726,1
09:54,37.56,1318,1
09:54,37.56,462,1
09:54,37.55,361,1
09:54,37.54,231,1
09:54,37.54,541,1
09:54,37.54,326,0
09:54,37.53,898,1
09:54,37.52,659,1
09:54,37.52,698,1
09:54,37.51,1093,1
09:54,37.52,402,0
09:54,37.51,882,1
09:54,37.5,2366,1
09:54,37.51,792,0
09:54,37.49,262,1
09:54,37.48,389,1
09:54,37.48,253,1
09:54,37.47,624,1
09:54,37.45,250,1
09:54,37.44,481,1
09:55,37.45,1164,0
09:55,37.45,498,1
09:55,37.48,2629,0
09:55,37.52,175,0
09:55,37.56,240,0
09:55,37.56,103,0
09:55,37.58,265,0
09:55,37.6,154,0
09:55,37.6,436,0
09:55,37.6,567,0
09:55,37.58,1123,1
09:55,37.56,715,1
09:55,37.58,689,0
09:55,37.58,769,1
09:55,37.58,1287,0
09:55,37.56,746,1
09:55,37.55,545,2
09:55,37.56,383,0
09:55,37.55,859,1
09:55,37.57,416,0
09:56,37.57,357,1
09:56,37.57,391,1
09:56,37.58,79,1
09:56,37.57,606,1
09:56,37.57,711,1
09:56,37.56,2226,1
09:56,37.55,618,1
09:56,37.54,260,1
09:56,37.55,137,0
09:56,37.54,269,1
09:56,37.54,570,1
09:56,37.54,305,0
09:56,37.53,289,1
09:56,37.54,334,0
09:56,37.54,324,1
09:56,37.54,653,0
09:56,37.53,1565,1
09:56,37.53,758,0
09:56,37.55,402,0
09:56,37.59,1043,0
09:57,37.61,343,0
09:57,37.61,325,1
09:57,37.65,1050,0
09:57,37.66,297,0
09:57,37.68,236,0
09:57,37.68,310,0
09:57,37.7,1685,0
09:57,37.7,130,0
09:57,37.7,617,0
09:57,37.71,811,0
09:57,37.76,2397,0
09:57,37.8,1410,0
09:57,37.81,1912,0
09:57,37.77,1024,1
09:57,37.8,717,0
09:57,37.79,357,1
09:57,37.77,1183,1
09:57,37.79,812,0
09:57,37.77,603,1
09:57,37.77,493,0
09:58,37.92,11140,0
09:58,37.99,5386,0
09:58,38.0,7173,0
09:58,38.0,11198,0
09:58,38.01,1523,0
09:58,38.02,2811,0
09:58,38.06,7137,0
09:58,38.09,10056,0
09:58,38.15,2056,0
09:58,38.19,2036,0
09:58,38.19,2149,0
09:58,38.18,2352,1
09:58,38.18,2542,0
09:58,38.16,3854,1
09:58,38.13,2053,1
09:58,38.16,2225,0
09:58,38.15,2053,0
09:58,38.12,1149,1
09:58,38.11,1717,1
09:58,38.08,2388,1
09:59,38.07,1107,1
09:59,38.08,1164,0
09:59,38.05,1372,1
09:59,38.06,1066,0
09:59,38.04,2970,1
09:59,38.04,3455,1
09:59,38.04,3595,0
09:59,38.04,3027,0
09:59,38.03,3950,1
09:59,38.01,1441,1
09:59,37.99,2422,1
09:59,38.0,976,0
09:59,37.99,1039,0
09:59,37.98,507,1
09:59,37.96,284,2
09:59,37.92,140,1
09:59,37.9,256,1
09:59,37.92,825,0
09:59,37.92,898,1
09:59,37.95,1705,0
10:00,37.98,845,0
10:00,37.98,849,0
10:00,37.99,1232,0
10:00,38.0,2827,0
10:00,38.0,821,1
10:00,38.0,1112,1
10:00,38.01,757,2
10:00,38.0,1911,1
10:00,37.97,1610,1
10:00,37.99,856,0
10:00,37.95,810,1
10:00,37.94,1435,1
10:00,37.92,1153,1
10:00,37.92,640,0
10:00,37.89,762,1
10:00,37.88,379,1
10:00,37.85,490,1
10:00,37.85,561,1
10:00,37.85,322,0
10:00,37.85,403,0
10:01,37.83,678,1
10:01,37.83,775,1
10:01,37.82,444,1
10:01,37.85,603,0
10:01,37.85,438,1
10:01,37.87,570,0
10:01,37.88,202,2
10:01,37.89,286,0
10:01,37.92,250,0
10:01,37.91,226,0
10:01,37.95,290,0
10:01,37.94,163,0
10:01,37.94,269,0
10:01,37.95,828,0
10:01,37.95,2297,1
10:01,37.99,637,0
10:01,37.98,641,1
10:01,37.98,1388,1
10:01,38.06,5611,0
10:01,38.07,456,0
10:02,38.13,3814,0
10:02,38.19,7751,0
10:02,38.32,22047,0
10:02,38.34,3117,0
10:02,38.36,2883,0
10:02,38.38,11635,0
10:02,38.44,6922,0
10:02,38.48,2198,0
10:02,38.38,7486,1
10:02,38.47,3282,0
10:02,38.38,2853,1
10:02,38.38,2114,0
10:02,38.37,1664,0
10:02,38.34,1464,1
10:02,38.3,590,1
10:02,38.26,798,1
10:02,38.2,572,1
10:02,38.21,577,1
10:02,38.21,1267,1
10:02,38.17,697,1
10:03,38.2,693,0
10:03,38.16,1040,1
10:03,38.18,709,0
10:03,38.17,867,0
10:03,38.16,1070,1
10:03,38.14,1153,1
10:03,38.14,341,0
10:03,38.09,789,1
10:03,38.07,736,1
10:03,38.09,724,0
10:03,38.07,651,0
10:03,38.09,675,0
10:03,38.05,836,1
10:03,38.02,1611,1
10:03,38.01,2185,1
10:03,38.0,324,2
10:03,37.98,443,1
10:03,37.97,466,1
10:03,37.97,412,0
10:03,37.96,357,1
10:04,37.95,569,1
10:04,37.94,940,1
10:04,37.92,579,1
10:04,37.92,809,1
10:04,37.9,458,1
10:04,37.92,646,0
10:04,37.92,968,1
10:04,37.95,530,0
10:04,37.95,465,0
10:04,37.95,506,1
10:04,38.0,598,0
10:04,37.97,603,1
10:04,37.97,1092,1
10:04,37.99,890,0
10:04,37.98,1593,1
10:04,37.97,960,1
10:04,37.97,647,1
10:04,37.98,540,0
10:04,37.98,1533,1
10:04,37.98,1979,1
10:05,37.98,750,0
10:05,37.98,746,0
10:05,37.98,332,1
10:05,37.99,477,0
10:05,37.99,332,1
10:05,37.98,2561,1
10:05,37.99,1104,0
10:05,37.94,1025,1
10:05,37.92,1063,1
10:05,37.92,374,1
10:05,37.92,620,1
10:05,37.93,587,0
10:05,37.93,805,1
10:05,37.92,1389,1
10:05,37.93,559,0
10:05,37.93,467,1
10:05,37.94,234,2
10:05,37.92,479,1
10:05,37.93,1545,0
10:05,37.94,512,0
10:06,37.93,305,1
10:06,37.93,899,0
10:06,37.92,560,1
10:06,37.95,787,0
10:06,37.95,725,1
10:06,37.94,397,1
10:06,37.96,324,0
10:06,37.94,98,1
10:06,37.95,571,0
10:06,38.0,2633,0
10:06,38.0,740,1
10:06,38.05,181,0
10:06,38.05,230,1
10:06,38.08,157,0
10:06,38.1,244,0
10:06,38.09,1094,0
10:06,38.07,583,1
10:06,38.07,751,0
10:06,38.07,502,0
10:06,38.07,366,0
10:07,38.04,730,1
10:07,38.03,168,1
