date,open,close,high,low,vol,open_raw,close_raw,high_raw,low_raw
2023-11-08,17.4,17.77,17.94,17.33,375337.0,17.43,17.8,17.97,17.36
2023-11-09,17.51,17.68,17.89,17.47,256186.0,17.54,17.71,17.92,17.5
2023-11-10,17.57,17.22,17.74,17.22,186302.0,17.6,17.25,17.77,17.25
2023-11-13,17.35,17.88,18.08,17.31,332003.0,17.38,17.91,18.11,17.34
2023-11-14,18.0,18.33,18.47,17.93,362160.0,18.03,18.36,18.5,17.96
2023-11-15,18.57,18.03,18.57,17.96,279464.0,18.6,18.06,18.6,17.99
2023-11-16,17.85,17.95,18.21,17.8,189642.0,17.88,17.98,18.24,17.83
2023-11-17,17.87,18.23,18.85,17.83,438242.0,17.9,18.26,18.88,17.86
2023-11-20,18.07,18.3,18.49,17.83,351587.0,18.1,18.33,18.52,17.86
2023-11-21,18.38,18.02,18.61,18.0,258031.0,18.41,18.05,18.64,18.03
2023-11-22,18.27,18.14,19.06,18.11,570843.0,18.3,18.17,19.09,18.14
2023-11-23,17.87,17.91,18.01,17.4,335647.0,17.9,17.94,18.04,17.43
2023-11-24,18.06,17.11,18.06,17.01,287279.0,18.09,17.14,18.09,17.04
2023-11-27,17.22,17.17,17.6,17.07,185514.0,17.25,17.2,17.63,17.1
2023-11-28,17.15,17.09,17.23,16.84,149566.0,17.18,17.12,17.26,16.87
2023-11-29,17.09,16.8,17.17,16.77,163445.0,17.12,16.83,17.2,16.8
2023-11-30,16.84,16.5,16.9,16.33,156010.0,16.87,16.53,16.93,16.36
2023-12-01,16.58,18.07,18.28,16.49,494303.0,16.61,18.1,18.31,16.52
2023-12-04,17.74,17.84,18.19,17.74,320640.0,17.77,17.87,18.22,17.77
2023-12-05,17.68,16.88,17.85,16.86,257633.0,17.71,16.91,17.88,16.89
2023-12-06,16.77,17.01,17.3,16.62,240863.0,16.8,17.04,17.33,16.65
2023-12-07,16.87,18.84,19.62,16.87,992012.0,16.9,18.87,19.65,16.9
2023-12-08,18.97,19.25,19.85,18.81,1055031.0,19.0,19.28,19.88,18.84
2023-12-11,19.15,19.49,19.53,18.97,713729.0,19.18,19.52,19.56,19.0
2023-12-12,19.54,19.94,19.94,19.07,799395.0,19.57,19.97,19.97,19.1
2023-12-13,19.55,19.68,20.95,19.36,1134085.0,19.58,19.71,20.98,19.39
2023-12-14,19.58,19.09,20.01,18.99,683412.0,19.61,19.12,20.04,19.02
2023-12-15,19.19,19.0,19.35,18.57,432823.0,19.22,19.03,19.38,18.6
2023-12-18,18.95,18.5,19.32,18.38,361575.0,18.98,18.53,19.35,18.41
2023-12-19,18.37,18.83,18.98,18.3,329451.0,18.4,18.86,19.01,18.33
2023-12-20,18.81,17.79,18.81,17.77,380977.0,18.84,17.82,18.84,17.8
2023-12-21,17.54,18.31,18.56,17.29,432986.0,17.57,18.34,18.59,17.32
2023-12-22,18.13,17.06,18.3,16.89,448791.0,18.16,17.09,18.33,16.92
2023-12-25,17.07,16.88,17.35,16.67,238380.0,17.1,16.91,17.38,16.7
2023-12-26,16.87,16.08,16.88,15.95,293149.0,16.9,16.11,16.91,15.98
2023-12-27,16.12,15.99,16.21,15.81,251159.0,16.15,16.02,16.24,15.84
2023-12-28,15.97,16.4,16.54,15.55,295548.0,16.0,16.43,16.57,15.58
2023-12-29,16.36,16.83,16.86,16.29,266077.0,16.39,16.86,16.89,16.32
2024-01-02,16.75,16.3,16.87,16.3,226221.0,16.78,16.33,16.9,16.33
2024-01-03,16.26,15.98,16.31,15.8,204861.0,16.29,16.01,16.34,15.83
2024-01-04,15.97,15.74,15.97,15.56,147069.0,16.0,15.77,16.0,15.59
2024-01-05,15.85,15.19,15.87,15.05,237311.0,15.88,15.22,15.9,15.08
2024-01-08,15.14,14.77,15.23,14.77,147763.0,15.17,14.8,15.26,14.8
2024-01-09,14.88,14.75,15.04,14.58,157591.0,14.91,14.78,15.07,14.61
2024-01-10,14.6,14.26,14.7,14.26,157160.0,14.63,14.29,14.73,14.29
2024-01-11,14.26,15.03,15.1,14.25,247853.0,14.29,15.06,15.13,14.28
2024-01-12,14.96,14.66,15.1,14.66,157040.0,14.99,14.69,15.13,14.69
2024-01-15,14.6,14.54,14.83,14.45,112055.0,14.63,14.57,14.86,14.48
2024-01-16,14.54,14.45,14.54,14.17,134718.0,14.57,14.48,14.57,14.2
2024-01-17,14.36,14.16,14.63,14.16,133203.0,14.39,14.19,14.66,14.19
2024-01-18,14.07,14.5,14.52,13.75,265061.0,14.1,14.53,14.55,13.78
2024-01-19,14.37,14.07,14.62,14.07,164287.0,14.4,14.1,14.65,14.1
2024-01-22,14.17,13.18,14.21,12.97,216465.0,14.2,13.21,14.24,13.0
2024-01-23,13.15,13.71,14.02,13.08,228785.0,13.18,13.74,14.05,13.11
2024-01-24,13.82,13.99,14.07,13.41,219998.0,13.85,14.02,14.1,13.44
2024-01-25,13.97,14.48,14.52,13.79,275606.0,14.0,14.51,14.55,13.82
2024-01-26,14.49,14.29,14.78,14.27,240744.0,14.52,14.32,14.81,14.3
2024-01-29,14.04,13.39,14.13,13.36,268266.0,14.07,13.42,14.16,13.39
2024-01-30,13.27,13.03,13.63,13.01,161773.0,13.3,13.06,13.66,13.04
2024-01-31,12.95,11.92,13.06,11.85,285983.0,12.98,11.95,13.09,11.88
2024-02-01,12.02,12.17,12.6,11.8,246736.0,12.05,12.2,12.63,11.83
2024-02-02,12.15,11.52,12.51,10.96,261490.0,12.18,11.55,12.54,10.99
2024-02-05,11.52,10.03,11.67,9.86,366342.0,11.55,10.06,11.7,9.89
2024-02-06,10.02,10.78,11.01,9.53,362409.0,10.05,10.81,11.04,9.56
2024-02-07,10.77,11.12,11.54,10.72,355371.0,10.8,11.15,11.57,10.75
2024-02-08,11.2,11.85,11.86,11.2,303836.0,11.23,11.88,11.89,11.23
2024-02-19,13.28,13.8,13.86,12.82,663844.0,13.31,13.83,13.89,12.85
2024-02-20,13.48,13.8,14.15,13.28,637903.0,13.51,13.83,14.18,13.31
2024-02-21,13.43,13.77,14.36,13.32,559945.0,13.46,13.8,14.39,13.35
2024-02-22,14.27,14.7,14.97,14.16,658916.0,14.3,14.73,15.0,14.19
2024-02-23,14.57,14.97,15.02,14.5,581423.0,14.6,15.0,15.05,14.53
2024-02-26,14.7,14.75,15.12,14.54,507318.0,14.73,14.78,15.15,14.57
2024-02-27,14.7,15.94,15.97,14.62,723157.0,14.73,15.97,16.0,14.65
2024-02-28,15.94,14.26,16.13,14.19,817691.0,15.97,14.29,16.16,14.22
2024-02-29,14.13,15.08,15.11,14.13,488503.0,14.16,15.11,15.14,14.16
2024-03-01,15.07,16.01,16.19,14.96,724794.0,15.1,16.04,16.22,14.99
2024-03-04,16.13,16.77,16.78,15.85,778866.0,16.16,16.8,16.81,15.88
2024-03-05,16.37,16.07,16.66,15.88,605665.0,16.4,16.1,16.69,15.91
2024-03-06,15.92,15.8,16.16,15.57,392902.0,15.95,15.83,16.19,15.6
2024-03-07,15.86,15.34,16.36,15.32,437952.0,15.89,15.37,16.39,15.35
2024-03-08,15.34,15.8,15.9,15.2,326953.0,15.37,15.83,15.93,15.23
2024-03-11,15.42,15.88,15.97,15.25,366710.0,15.45,15.91,16.0,15.28
2024-03-12,15.99,15.78,16.15,15.64,323488.0,16.02,15.81,16.18,15.67
2024-03-13,15.94,16.06,16.41,15.89,540007.0,15.97,16.09,16.44,15.92
2024-03-14,15.87,16.17,16.42,15.68,471313.0,15.9,16.2,16.45,15.71
2024-03-15,15.99,16.16,16.18,15.57,319907.0,16.02,16.19,16.21,15.6
2024-03-18,16.47,17.27,17.4,16.24,706859.0,16.5,17.3,17.43,16.27
2024-03-19,17.13,17.26,17.56,16.97,532058.0,17.16,17.29,17.59,17.0
2024-03-20,17.18,18.97,19.47,17.18,1080795.0,17.21,19.0,19.5,17.21
2024-03-21,18.79,18.1,19.07,18.02,723748.0,18.82,18.13,19.1,18.05
2024-03-22,18.25,17.85,18.35,17.18,622257.0,18.28,17.88,18.38,17.21
2024-03-25,18.24,17.61,18.69,17.56,597282.0,18.27,17.64,18.72,17.59
2024-03-26,17.31,16.77,17.8,16.63,502971.0,17.34,16.8,17.83,16.66
2024-03-27,16.72,15.4,16.84,15.32,483836.0,16.75,15.43,16.87,15.35
2024-03-28,15.29,16.28,16.55,15.29,443335.0,15.32,16.31,16.58,15.32
2024-03-29,16.2,15.88,16.41,15.67,273060.0,16.23,15.91,16.44,15.7
2024-04-01,16.05,16.26,16.38,16.02,245279.0,16.08,16.29,16.41,16.05
2024-04-02,16.26,15.53,16.27,15.37,321291.0,16.29,15.56,16.3,15.4
2024-04-03,15.41,14.76,15.54,14.72,275881.0,15.44,14.79,15.57,14.75
2024-04-08,14.76,14.29,14.78,14.24,201910.0,14.79,14.32,14.81,14.27
2024-04-09,14.37,14.45,14.57,14.18,171753.0,14.4,14.48,14.6,14.21
2024-04-10,14.45,13.85,14.46,13.72,212741.0,14.48,13.88,14.49,13.75
2024-04-11,13.75,15.21,16.02,13.72,583943.0,13.78,15.24,16.05,13.75
2024-04-12,15.17,14.73,15.32,14.7,296191.0,15.2,14.76,15.35,14.73
2024-04-15,14.66,14.36,15.07,14.07,264374.0,14.69,14.39,15.1,14.1
2024-04-16,14.17,13.22,14.31,13.21,271071.0,14.2,13.25,14.34,13.24
2024-04-17,13.6,14.22,14.4,13.6,264016.0,13.63,14.25,14.43,13.63
2024-04-18,14.13,14.07,14.47,13.77,220895.0,14.16,14.1,14.5,13.8
2024-04-19,13.98,13.69,14.2,13.67,184220.0,14.01,13.72,14.23,13.7
2024-04-22,13.34,13.5,13.66,12.91,164947.0,13.37,13.53,13.69,12.94
2024-04-23,13.62,13.71,13.88,13.6,151028.0,13.65,13.74,13.91,13.63
2024-04-24,13.86,14.32,14.36,13.74,224439.0,13.89,14.35,14.39,13.77
2024-04-25,14.25,14.07,14.29,14.04,175094.0,14.28,14.1,14.32,14.07
2024-04-26,14.37,15.12,15.19,14.3,371765.0,14.4,15.15,15.22,14.33
2024-04-29,15.15,15.56,15.81,15.13,335883.0,15.18,15.59,15.84,15.16
2024-04-30,15.65,15.67,15.94,15.48,254884.0,15.68,15.7,15.97,15.51
2024-05-06,16.12,15.65,16.22,15.62,244513.0,16.15,15.68,16.25,15.65
2024-05-07,15.64,15.95,16.45,15.63,340646.0,15.67,15.98,16.48,15.66
2024-05-08,15.77,15.22,15.78,15.18,252162.0,15.8,15.25,15.81,15.21
2024-05-09,15.22,15.79,15.92,15.22,217281.0,15.25,15.82,15.95,15.25
2024-05-10,15.79,15.88,16.21,15.59,304940.0,15.82,15.91,16.24,15.62
2024-05-13,15.67,15.52,15.83,15.3,194293.0,15.7,15.55,15.86,15.33
2024-05-14,15.81,16.29,16.29,15.72,403496.0,15.84,16.32,16.32,15.75
2024-05-15,16.29,16.08,16.51,15.99,300320.0,16.32,16.11,16.54,16.02
2024-05-16,16.08,16.6,16.62,16.08,376665.0,16.11,16.63,16.65,16.11
2024-05-17,16.77,16.25,16.79,16.09,394900.0,16.8,16.28,16.82,16.12
2024-05-20,15.99,15.83,16.2,15.39,329923.0,16.02,15.86,16.23,15.42
2024-05-21,15.74,15.39,15.94,15.34,251764.0,15.77,15.42,15.97,15.37
2024-05-22,15.47,15.29,15.54,15.01,220372.0,15.5,15.32,15.57,15.04
2024-05-23,15.37,14.84,15.46,14.75,242195.0,15.4,14.87,15.49,14.78
2024-05-24,14.81,14.5,14.98,14.38,190125.0,14.84,14.53,15.01,14.41
2024-05-27,14.67,14.7,14.71,14.12,173025.0,14.7,14.73,14.74,14.15
2024-05-28,14.66,14.27,14.8,14.26,144939.0,14.69,14.3,14.83,14.29
2024-05-29,14.4,14.3,14.57,14.12,141978.0,14.43,14.33,14.6,14.15
2024-05-30,14.4,14.35,14.48,14.07,122400.0,14.43,14.38,14.51,14.1
2024-05-31,14.37,14.49,14.65,14.34,158830.0,14.4,14.52,14.68,14.37
2024-06-03,14.54,14.07,14.56,13.94,176740.0,14.57,14.1,14.59,13.97
2024-06-04,14.08,14.03,14.15,13.8,130824.0,14.11,14.06,14.18,13.83
2024-06-05,13.97,13.85,14.2,13.85,102883.0,14.0,13.88,14.23,13.88
2024-06-06,13.91,13.22,14.04,13.15,216308.0,13.94,13.25,14.07,13.18
2024-06-07,13.33,13.37,13.55,13.1,123835.0,13.36,13.4,13.58,13.13
2024-06-11,13.38,13.65,13.69,13.2,140985.0,13.41,13.68,13.72,13.23
2024-06-12,13.6,13.88,13.97,13.55,133177.0,13.6,13.88,13.97,13.55
2024-06-13,13.87,13.82,14.08,13.76,130891.0,13.87,13.82,14.08,13.76
2024-06-14,13.76,14.03,14.09,13.68,142918.0,13.76,14.03,14.09,13.68
2024-06-17,13.93,14.02,14.16,13.87,103980.0,13.93,14.02,14.16,13.87
2024-06-18,13.98,14.22,14.29,13.95,109349.0,13.98,14.22,14.29,13.95
2024-06-19,14.31,14.12,14.43,14.1,130115.0,14.31,14.12,14.43,14.1
2024-06-20,14.03,13.62,14.15,13.58,143110.0,14.03,13.62,14.15,13.58
2024-06-21,13.58,13.63,13.76,13.38,85621.0,13.58,13.63,13.76,13.38
2024-06-24,13.62,12.94,13.62,12.91,133153.0,13.62,12.94,13.62,12.91
2024-06-25,12.99,12.6,13.16,12.4,147662.0,12.99,12.6,13.16,12.4
2024-06-26,12.55,14.16,14.2,12.55,391111.0,12.55,14.16,14.2,12.55
2024-06-27,13.97,13.72,14.15,13.68,258767.0,13.97,13.72,14.15,13.68
2024-06-28,13.83,13.43,13.95,13.35,201299.0,13.83,13.43,13.95,13.35
2024-07-01,13.43,13.52,13.61,13.15,123357.0,13.43,13.52,13.61,13.15
2024-07-02,13.55,13.69,14.0,13.55,182150.0,13.55,13.69,14.0,13.55
2024-07-03,13.69,13.32,13.69,13.32,119661.0,13.69,13.32,13.69,13.32
2024-07-04,13.38,13.02,13.54,12.98,97071.0,13.38,13.02,13.54,12.98
2024-07-05,12.95,13.17,13.3,12.79,118612.0,12.95,13.17,13.3,12.79
2024-07-08,13.14,12.7,13.14,12.63,106181.0,13.14,12.7,13.14,12.63
2024-07-09,12.75,13.16,13.23,12.55,144275.0,12.75,13.16,13.23,12.55
2024-07-10,13.1,13.07,13.35,13.01,112940.0,13.1,13.07,13.35,13.01
2024-07-11,13.39,13.33,13.48,13.26,132969.0,13.39,13.33,13.48,13.26
2024-07-12,13.21,13.03,13.3,13.02,97500.0,13.21,13.03,13.3,13.02
2024-07-15,13.02,12.82,13.02,12.77,80069.0,13.02,12.82,13.02,12.77
2024-07-16,12.78,13.06,13.11,12.71,100409.0,12.78,13.06,13.11,12.71
2024-07-17,13.01,12.86,13.32,12.85,123544.0,13.01,12.86,13.32,12.85
2024-07-18,12.72,12.66,12.77,12.28,134681.0,12.72,12.66,12.77,12.28
2024-07-19,12.66,12.78,13.01,12.56,103033.0,12.66,12.78,13.01,12.56
2024-07-22,13.09,12.99,13.14,12.87,115906.0,13.09,12.99,13.14,12.87
2024-07-23,12.94,12.68,13.04,12.65,91666.0,12.94,12.68,13.04,12.65
2024-07-24,12.52,12.39,12.77,12.38,84353.0,12.52,12.39,12.77,12.38
2024-07-25,12.3,12.36,12.61,12.3,67666.0,12.3,12.36,12.61,12.3
2024-07-26,12.47,12.45,12.65,12.37,83684.0,12.47,12.45,12.65,12.37
2024-07-29,12.46,12.51,12.59,12.28,94694.0,12.46,12.51,12.59,12.28
2024-07-30,12.46,12.53,12.66,12.33,88739.0,12.46,12.53,12.66,12.33
2024-07-31,12.53,13.06,13.08,12.51,167899.0,12.53,13.06,13.08,12.51
2024-08-01,13.03,12.98,13.2,12.9,119632.0,13.03,12.98,13.2,12.9
2024-08-02,12.85,12.59,13.05,12.55,130730.0,12.85,12.59,13.05,12.55
2024-08-05,12.45,12.02,12.78,11.98,159811.0,12.45,12.02,12.78,11.98
2024-08-06,12.26,12.22,12.36,12.01,98972.0,12.26,12.22,12.36,12.01
2024-08-07,12.17,12.14,12.3,12.12,78307.0,12.17,12.14,12.3,12.12
2024-08-08,12.03,11.97,12.15,11.69,108791.0,12.03,11.97,12.15,11.69
2024-08-09,12.05,11.82,12.2,11.81,68764.0,12.05,11.82,12.2,11.81
2024-08-12,11.75,11.66,11.89,11.6,73770.0,11.75,11.66,11.89,11.6
2024-08-13,11.66,11.69,11.78,11.49,72661.0,11.66,11.69,11.78,11.49
2024-08-14,11.72,11.68,11.82,11.55,89012.0,11.72,11.68,11.82,11.55
2024-08-15,11.63,11.85,12.04,11.56,119205.0,11.63,11.85,12.04,11.56
2024-08-16,11.89,11.84,11.96,11.81,78240.0,11.89,11.84,11.96,11.81
2024-08-19,11.85,11.91,12.06,11.83,88735.0,11.85,11.91,12.06,11.83
2024-08-20,11.87,11.62,11.94,11.58,83103.0,11.87,11.62,11.94,11.58
2024-08-21,11.58,11.41,11.74,11.38,76825.0,11.58,11.41,11.74,11.38
2024-08-22,11.44,11.03,11.59,11.0,119313.0,11.44,11.03,11.59,11.0
2024-08-23,11.03,11.25,11.34,11.0,107661.0,11.03,11.25,11.34,11.0
2024-08-26,11.31,11.17,11.34,11.08,70444.0,11.31,11.17,11.34,11.08
2024-08-27,11.16,10.82,11.25,10.79,102044.0,11.16,10.82,11.25,10.79
2024-08-28,10.75,11.03,11.1,10.65,102904.0,10.75,11.03,11.1,10.65
2024-08-29,10.96,11.24,11.3,10.91,83406.0,10.96,11.24,11.3,10.91
2024-08-30,11.34,11.52,11.72,11.28,150309.0,11.34,11.52,11.72,11.28
2024-09-02,11.47,11.14,11.62,11.13,104010.0,11.47,11.14,11.62,11.13
2024-09-03,11.19,11.36,11.39,11.12,95824.0,11.19,11.36,11.39,11.12
2024-09-04,11.21,11.29,11.47,11.15,78839.0,11.21,11.29,11.47,11.15
2024-09-05,11.29,11.46,11.57,11.22,103303.0,11.29,11.46,11.57,11.22
2024-09-06,11.48,11.21,11.51,11.19,79299.0,11.48,11.21,11.51,11.19
2024-09-09,11.12,11.1,11.3,10.98,70224.0,11.12,11.1,11.3,10.98
2024-09-10,11.2,11.46,11.58,10.96,129912.0,11.2,11.46,11.58,10.96
2024-09-11,11.41,11.52,11.54,11.3,119533.0,11.41,11.52,11.54,11.3
2024-09-12,11.56,11.54,11.79,11.53,135792.0,11.56,11.54,11.79,11.53
2024-09-13,11.59,11.3,11.69,11.29,103799.0,11.59,11.3,11.69,11.29
2024-09-18,11.3,11.16,11.4,11.0,92937.0,11.3,11.16,11.4,11.0
2024-09-19,11.31,11.57,11.67,11.15,142798.0,11.31,11.57,11.67,11.15
2024-09-20,11.63,11.98,12.23,11.56,379802.0,11.63,11.98,12.23,11.56
2024-09-23,11.87,12.06,12.22,11.87,266583.0,11.87,12.06,12.22,11.87
2024-09-24,12.06,12.29,12.32,11.75,311211.0,12.06,12.29,12.32,11.75
2024-09-25,12.39,12.3,12.74,12.29,331128.0,12.39,12.3,12.74,12.29
2024-09-26,12.3,12.64,12.64,12.23,243134.0,12.3,12.64,12.64,12.23
2024-09-27,12.83,13.92,14.11,12.83,490049.0,12.83,13.92,14.11,12.83
2024-09-30,15.06,16.64,16.66,14.77,792690.0,15.06,16.64,16.66,14.77
2024-10-08,19.96,19.97,19.97,17.6,1028229.0,19.96,19.97,19.97,17.6
2024-10-09,18.65,17.48,19.39,16.82,891181.0,18.65,17.48,19.39,16.82
2024-10-10,18.5,16.9,18.55,16.85,521323.0,18.5,16.9,18.55,16.85
2024-10-11,16.4,15.73,16.98,15.29,430513.0,16.4,15.73,16.98,15.29
2024-10-14,15.77,16.58,16.7,15.25,440121.0,15.77,16.58,16.7,15.25
2024-10-15,16.51,16.16,17.19,16.16,451831.0,16.51,16.16,17.19,16.16
2024-10-16,15.8,16.31,16.61,15.68,297706.0,15.8,16.31,16.61,15.68
2024-10-17,16.61,16.8,17.45,16.55,596541.0,16.61,16.8,17.45,16.55
2024-10-18,16.65,17.47,18.01,16.47,648100.0,16.65,17.47,18.01,16.47
2024-10-21,17.78,17.75,18.29,17.5,605089.0,17.78,17.75,18.29,17.5
2024-10-22,17.6,18.86,19.22,17.4,887786.0,17.6,18.86,19.22,17.4
2024-10-23,18.86,17.95,18.86,17.85,626495.0,18.86,17.95,18.86,17.85
2024-10-24,17.67,17.4,17.88,17.19,328675.0,17.67,17.4,17.88,17.19
2024-10-25,17.35,17.46,17.75,17.21,310159.0,17.35,17.46,17.75,17.21
2024-10-28,17.35,17.46,17.7,17.32,293876.0,17.35,17.46,17.7,17.32
2024-10-29,17.55,16.88,17.61,16.87,416071.0,17.55,16.88,17.61,16.87
2024-10-30,17.11,16.75,17.26,16.46,365312.0,17.11,16.75,17.26,16.46
2024-10-31,16.64,17.03,17.3,16.51,352438.0,16.64,17.03,17.3,16.51
2024-11-01,17.0,15.76,17.15,15.75,380968.0,17.0,15.76,17.15,15.75
2024-11-04,15.76,16.31,16.42,15.76,191363.0,15.76,16.31,16.42,15.76
2024-11-05,16.3,17.2,17.3,16.19,379062.0,16.3,17.2,17.3,16.19
2024-11-06,17.24,17.34,17.82,17.11,446456.0,17.24,17.34,17.82,17.11
2024-11-07,17.03,17.5,17.52,16.91,363143.0,17.03,17.5,17.52,16.91
2024-11-08,17.85,17.44,18.16,17.42,474324.0,17.85,17.44,18.16,17.42
2024-11-11,17.44,18.39,18.55,17.31,584103.0,17.44,18.39,18.55,17.31
2024-11-12,18.33,18.25,18.88,17.93,614150.0,18.33,18.25,18.88,17.93
2024-11-13,18.01,19.21,19.21,18.01,887362.0,18.01,19.21,19.21,18.01
2024-11-14,19.89,17.83,19.89,17.7,790301.0,19.89,17.83,19.89,17.7
2024-11-15,17.78,18.07,19.26,17.78,732986.0,17.78,18.07,19.26,17.78
2024-11-18,18.38,16.09,18.47,16.0,602303.0,18.38,16.09,18.47,16.0
2024-11-19,16.1,16.73,16.74,15.95,314945.0,16.1,16.73,16.74,15.95
2024-11-20,16.51,17.57,17.83,16.33,459306.0,16.51,17.57,17.83,16.33
2024-11-21,17.5,17.6,17.97,17.26,407572.0,17.5,17.6,17.97,17.26
2024-11-22,17.44,21.12,21.12,17.31,2066001.0,17.44,21.12,21.12,17.31
2024-11-25,21.88,21.53,22.22,19.5,2194493.0,21.88,21.53,22.22,19.5
2024-11-26,20.5,19.38,20.87,19.34,1238589.0,20.5,19.38,20.87,19.34
2024-11-27,18.71,20.34,20.43,18.56,1019705.0,18.71,20.34,20.43,18.56
2024-11-28,20.0,19.22,20.7,19.16,921009.0,20.0,19.22,20.7,19.16
2024-11-29,18.96,23.06,23.06,18.9,1803107.0,18.96,23.06,23.06,18.9
2024-12-02,22.88,23.01,25.0,22.56,2275357.0,22.88,23.01,25.0,22.56
2024-12-03,22.89,22.09,22.91,21.72,1352432.0,22.89,22.09,22.91,21.72
2024-12-04,21.79,21.72,22.76,21.6,1097081.0,21.79,21.72,22.76,21.6
2024-12-05,21.91,23.19,23.89,21.91,1307814.0,21.91,23.19,23.89,21.91
2024-12-06,23.21,22.82,24.62,22.51,1259240.0,23.21,22.82,24.62,22.51
2024-12-09,22.63,22.49,23.72,21.97,835882.0,22.63,22.49,23.72,21.97
2024-12-10,23.63,23.97,25.49,22.89,1548837.0,23.63,23.97,25.49,22.89
2024-12-11,23.33,23.23,23.79,22.6,916976.0,23.33,23.23,23.79,22.6
2024-12-12,23.1,22.75,23.37,21.89,920137.0,23.1,22.75,23.37,21.89
2024-12-13,22.47,21.63,22.79,21.61,787077.0,22.47,21.63,22.79,21.61
2024-12-16,21.51,21.31,21.98,20.93,523407.0,21.51,21.31,21.98,20.93
2024-12-17,21.11,20.23,21.28,20.0,560892.0,21.11,20.23,21.28,20.0
2024-12-18,20.3,20.45,20.86,19.8,495588.0,20.3,20.45,20.86,19.8
2024-12-19,20.05,20.78,20.93,19.9,529020.0,20.05,20.78,20.93,19.9
2024-12-20,20.79,21.31,21.38,20.53,509368.0,20.79,21.31,21.38,20.53
2024-12-23,21.11,19.78,21.17,19.69,530227.0,21.11,19.78,21.17,19.69
2024-12-24,19.92,19.71,20.14,19.23,357669.0,19.92,19.71,20.14,19.23
2024-12-25,19.82,19.08,19.82,18.92,320495.0,19.82,19.08,19.82,18.92
2024-12-26,19.1,20.78,21.4,19.1,740896.0,19.1,20.78,21.4,19.1
2024-12-27,20.82,20.46,20.97,20.22,496234.0,20.82,20.46,20.97,20.22
2024-12-30,20.3,20.67,20.95,19.88,427681.0,20.3,20.67,20.95,19.88
2024-12-31,20.98,20.94,21.69,20.61,803572.0,20.98,20.94,21.69,20.61
2025-01-02,20.41,21.08,21.69,19.75,687139.0,20.41,21.08,21.69,19.75
2025-01-03,20.71,18.42,20.76,18.4,690815.0,20.71,18.42,20.76,18.4
2025-01-06,18.06,17.18,18.88,17.0,563415.0,18.06,17.18,18.88,17.0
2025-01-07,17.34,17.74,17.75,17.01,390691.0,17.34,17.74,17.75,17.01
2025-01-08,17.6,17.59,17.9,16.78,456450.0,17.6,17.59,17.9,16.78
2025-01-09,17.41,17.88,18.3,17.37,399074.0,17.41,17.88,18.3,17.37
2025-01-10,17.76,17.17,18.24,17.17,355590.0,17.76,17.17,18.24,17.17
2025-01-13,17.14,17.33,17.48,16.66,290609.0,17.14,17.33,17.48,16.66
2025-01-14,17.59,18.88,18.94,17.46,559978.0,17.59,18.88,18.94,17.46
2025-01-15,18.88,19.14,19.75,18.87,620788.0,18.88,19.14,19.75,18.87
2025-01-16,19.17,18.91,19.9,18.78,534637.0,19.17,18.91,19.9,18.78
2025-01-17,18.73,18.68,19.0,18.5,328913.0,18.73,18.68,19.0,18.5
2025-01-20,18.95,18.65,19.1,18.57,289891.0,18.95,18.65,19.1,18.57
2025-01-21,18.92,18.89,19.24,18.53,331033.0,18.92,18.89,19.24,18.53
2025-01-22,18.71,18.78,19.16,18.58,316761.0,18.71,18.78,19.16,18.58
2025-01-23,17.5,17.22,18.28,17.13,832554.0,17.5,17.22,18.28,17.13
2025-01-24,17.4,18.77,18.85,17.03,844652.0,17.4,18.77,18.85,17.03
2025-01-27,22.52,22.11,22.52,21.4,1855583.0,22.52,22.11,22.52,21.4
2025-02-05,25.0,26.53,26.53,24.96,773067.0,25.0,26.53,26.53,24.96
2025-02-06,26.66,27.75,29.96,25.86,2572672.0,26.66,27.75,29.96,25.86
2025-02-07,27.51,27.41,28.97,26.6,2080147.0,27.51,27.41,28.97,26.6
2025-02-10,27.3,29.15,29.29,27.01,1919191.0,27.3,29.15,29.29,27.01
2025-02-11,27.98,27.68,29.49,27.44,1696481.0,27.98,27.68,29.49,27.44
2025-02-12,27.19,29.16,30.43,27.18,1779761.0,27.19,29.16,30.43,27.18
2025-02-13,29.14,28.02,29.14,27.38,1392186.0,29.14,28.02,29.14,27.38
2025-02-14,28.4,28.95,29.76,26.95,1624476.0,28.4,28.95,29.76,26.95
2025-02-17,30.43,28.37,30.74,27.93,1498008.0,30.43,28.37,30.74,27.93
2025-02-18,27.51,25.91,28.27,25.75,1324802.0,27.51,25.91,28.27,25.75
2025-02-19,26.14,26.77,26.82,25.69,867879.0,26.14,26.77,26.82,25.69
2025-02-20,26.88,26.49,26.93,25.95,751492.0,26.88,26.49,26.93,25.95
2025-02-21,26.93,27.22,27.45,25.96,1124561.0,26.93,27.22,27.45,25.96
2025-02-24,27.33,27.03,28.0,26.51,1029917.0,27.33,27.03,28.0,26.51
2025-02-25,25.87,26.18,26.62,25.77,728070.0,25.87,26.18,26.62,25.77
2025-02-26,26.45,26.52,26.85,26.07,619849.0,26.45,26.52,26.85,26.07
2025-02-27,26.47,28.26,28.5,26.31,1504052.0,26.47,28.26,28.5,26.31
2025-02-28,27.76,24.82,27.8,24.1,1134574.0,27.76,24.82,27.8,24.1
2025-03-03,24.8,24.07,25.18,23.59,631285.0,24.8,24.07,25.18,23.59
2025-03-04,23.55,24.2,24.46,23.41,404617.0,23.55,24.2,24.46,23.41
2025-03-05,24.21,24.7,24.98,23.85,544643.0,24.21,24.7,24.98,23.85
2025-03-06,25.2,26.22,26.85,25.2,917838.0,25.2,26.22,26.85,25.2
2025-03-07,26.56,25.62,27.42,25.4,968501.0,26.56,25.62,27.42,25.4
2025-03-10,25.51,24.92,25.7,24.55,544316.0,25.51,24.92,25.7,24.55
2025-03-11,24.38,24.6,24.92,24.25,352411.0,24.38,24.6,24.92,24.25
2025-03-12,24.91,24.6,25.14,24.6,389005.0,24.91,24.6,25.14,24.6
2025-03-13,24.45,23.84,24.47,23.42,420032.0,24.45,23.84,24.47,23.42
2025-03-14,23.73,24.33,24.37,23.56,372694.0,23.73,24.33,24.37,23.56
2025-03-17,24.37,24.09,24.4,23.86,249960.0,24.37,24.09,24.4,23.86
2025-03-18,24.28,24.07,24.53,23.91,286214.0,24.28,24.07,24.53,23.91
2025-03-19,23.93,23.7,24.07,23.61,248631.0,23.93,23.7,24.07,23.61
2025-03-20,23.66,24.16,24.76,23.36,500586.0,23.66,24.16,24.76,23.36
2025-03-21,23.72,23.02,23.95,23.0,379566.0,23.72,23.02,23.95,23.0
2025-03-24,23.01,22.33,23.01,21.55,386986.0,23.01,22.33,23.01,21.55
2025-03-25,22.34,21.67,22.37,21.56,246248.0,22.34,21.67,22.37,21.56
2025-03-26,21.67,21.68,21.98,21.66,184416.0,21.67,21.68,21.98,21.66
2025-03-27,21.69,21.56,21.94,21.3,184215.0,21.69,21.56,21.94,21.3
2025-03-28,21.55,21.25,21.83,21.2,159969.0,21.55,21.25,21.83,21.2
2025-03-31,21.08,21.37,21.45,20.47,286324.0,21.08,21.37,21.45,20.47
2025-04-01,21.41,21.09,21.5,21.01,176172.0,21.41,21.09,21.5,21.01
2025-04-02,21.09,21.06,21.3,20.97,138105.0,21.09,21.06,21.3,20.97
2025-04-03,20.66,20.69,21.15,20.5,162495.0,20.66,20.69,21.15,20.5
2025-04-07,19.0,16.55,19.35,16.55,454764.0,19.0,16.55,19.35,16.55
2025-04-08,16.57,17.11,17.68,16.49,438548.0,16.57,17.11,17.68,16.49
2025-04-09,16.78,17.88,18.09,15.64,462033.0,16.78,17.88,18.09,15.64
2025-04-10,18.53,18.54,19.21,18.45,408046.0,18.53,18.54,19.21,18.45
2025-04-11,18.2,18.65,18.93,18.17,285710.0,18.2,18.65,18.93,18.17
2025-04-14,18.98,18.85,19.28,18.77,244099.0,18.98,18.85,19.28,18.77
2025-04-15,18.8,18.67,18.97,18.5,178461.0,18.8,18.67,18.97,18.5
2025-04-16,18.62,18.22,18.65,17.9,197011.0,18.62,18.22,18.65,17.9
2025-04-17,18.2,18.14,18.58,18.08,172170.0,18.2,18.14,18.58,18.08
2025-04-18,18.05,18.11,18.26,17.92,145334.0,18.05,18.11,18.26,17.92
2025-04-21,18.08,18.68,18.69,17.82,194845.0,18.08,18.68,18.69,17.82
2025-04-22,18.61,18.4,18.77,18.35,170649.0,18.61,18.4,18.77,18.35
2025-04-23,18.55,18.63,18.95,18.43,237249.0,18.55,18.63,18.95,18.43
2025-04-24,18.4,17.81,18.44,17.6,292779.0,18.4,17.81,18.44,17.6
2025-04-25,17.75,18.1,19.1,17.75,359682.0,17.75,18.1,19.1,17.75
2025-04-28,18.0,17.81,18.58,17.76,248959.0,18.0,17.81,18.58,17.76
2025-04-29,17.5,17.18,17.52,16.91,607274.0,17.5,17.18,17.52,16.91
2025-04-30,17.45,18.23,18.45,17.26,523785.0,17.45,18.23,18.45,17.26
2025-05-06,18.6,19.28,19.57,18.49,534586.0,18.6,19.28,19.57,18.49
2025-05-07,19.62,19.16,20.03,18.93,490782.0,19.62,19.16,20.03,18.93
2025-05-08,19.16,19.43,19.78,19.01,410505.0,19.16,19.43,19.78,19.01
2025-05-09,19.4,18.84,19.4,18.78,291842.0,19.4,18.84,19.4,18.78
2025-05-12,19.07,19.34,19.35,18.88,337342.0,19.07,19.34,19.35,18.88
2025-05-13,19.76,19.17,19.88,19.08,349722.0,19.76,19.17,19.88,19.08
2025-05-14,19.27,19.51,19.73,19.1,440995.0,19.27,19.51,19.73,19.1
2025-05-15,19.51,18.74,19.56,18.68,323943.0,19.51,18.74,19.56,18.68
2025-05-16,18.61,18.52,18.86,18.4,214735.0,18.61,18.52,18.86,18.4
2025-05-19,18.51,18.4,18.51,18.08,212142.0,18.51,18.4,18.51,18.08
2025-05-20,17.49,17.9,18.03,17.26,418993.0,17.49,17.9,18.03,17.26
2025-05-21,17.8,17.61,17.85,17.49,219964.0,17.8,17.61,17.85,17.49
2025-05-22,17.51,17.88,17.97,17.44,284385.0,17.51,17.88,17.97,17.44
2025-05-23,17.79,17.67,18.49,17.62,472407.0,17.79,17.67,18.49,17.62
2025-05-26,17.78,17.87,18.15,17.56,256834.0,17.78,17.87,18.15,17.56
2025-05-27,17.73,17.32,17.75,17.25,274731.0,17.73,17.32,17.75,17.25
2025-05-28,17.39,16.99,17.46,16.93,233286.0,17.39,16.99,17.46,16.93
2025-05-29,16.99,17.63,17.64,16.98,299190.0,16.99,17.63,17.64,16.98
2025-05-30,17.5,17.13,17.55,17.08,209433.0,17.5,17.13,17.55,17.08
2025-06-03,17.0,17.24,17.94,16.96,246971.0,17.0,17.24,17.94,16.96
2025-06-04,17.34,17.49,17.66,17.2,175923.0,17.34,17.49,17.66,17.2
2025-06-05,17.49,18.02,18.14,17.48,330314.0,17.49,18.02,18.14,17.48
2025-06-06,18.04,18.03,18.26,17.73,283401.0,18.04,18.03,18.26,17.73
2025-06-09,18.1,18.43,18.52,18.0,296632.0,18.1,18.43,18.52,18.0
2025-06-10,18.41,17.89,18.48,17.62,304452.0,18.41,17.89,18.48,17.62
2025-06-11,17.8,17.88,18.17,17.8,197717.0,17.8,17.88,18.17,17.8
2025-06-12,17.7,17.79,18.08,17.6,177434.0,17.7,17.79,18.08,17.6
2025-06-13,17.65,17.08,17.79,17.05,302183.0,17.65,17.08,17.79,17.05
2025-06-16,16.99,17.48,17.54,16.93,227685.0,16.99,17.48,17.54,16.93
2025-06-17,17.48,17.41,17.55,17.25,147679.0,17.48,17.41,17.55,17.25
2025-06-18,17.38,17.37,17.48,17.2,144380.0,17.38,17.37,17.48,17.2
2025-06-19,17.4,17.22,17.73,17.15,278253.0,17.4,17.22,17.73,17.15
2025-06-20,17.35,16.62,17.37,16.6,256639.0,17.35,16.62,17.37,16.6
2025-06-23,16.3,17.04,17.12,16.3,197767.0,16.3,17.04,17.12,16.3
2025-06-24,17.07,17.61,17.64,17.05,278765.0,17.07,17.61,17.64,17.05
2025-06-25,17.56,18.14,18.15,17.45,400976.0,17.56,18.14,18.15,17.45
2025-06-26,18.28,18.26,18.72,18.05,534758.0,18.28,18.26,18.72,18.05
2025-06-27,18.19,18.29,19.08,18.09,433728.0,18.19,18.29,19.08,18.09
2025-06-30,18.43,18.44,18.55,18.2,263986.0,18.43,18.44,18.55,18.2
2025-07-01,18.46,18.15,18.54,18.01,255505.0,18.46,18.15,18.54,18.01
2025-07-02,18.16,17.73,18.17,17.61,224104.0,18.16,17.73,18.17,17.61
2025-07-03,17.73,17.84,18.02,17.67,172890.0,17.73,17.84,18.02,17.67
2025-07-04,17.79,17.6,17.94,17.56,210339.0,17.79,17.6,17.94,17.56
2025-07-07,17.6,17.47,17.69,17.41,151607.0,17.6,17.47,17.69,17.41
2025-07-08,17.47,18.09,18.14,17.36,296695.0,17.47,18.09,18.14,17.36
2025-07-09,18.18,17.94,18.24,17.86,227040.0,18.18,17.94,18.24,17.86
2025-07-10,17.88,18.01,18.13,17.74,198516.0,17.88,18.01,18.13,17.74
2025-07-11,18.12,19.22,19.65,17.76,986701.0,18.12,19.22,19.65,17.76
2025-07-14,19.89,20.51,20.95,19.27,1342748.0,19.89,20.51,20.95,19.27
2025-07-15,20.07,20.99,21.37,19.8,1155122.0,20.07,20.99,21.37,19.8
2025-07-16,20.94,20.37,21.08,20.23,727289.0,20.94,20.37,21.08,20.23
2025-07-17,20.38,21.11,22.0,20.38,1034387.0,20.38,21.11,22.0,20.38
2025-07-18,21.15,22.56,23.0,21.01,1273267.0,21.15,22.56,23.0,21.01
2025-07-21,22.15,22.09,22.8,21.66,852186.0,22.15,22.09,22.8,21.66
2025-07-22,22.1,21.07,22.14,20.99,878902.0,22.1,21.07,22.14,20.99
2025-07-23,21.13,22.29,22.76,20.77,1104853.0,21.13,22.29,22.76,20.77
2025-07-24,22.0,22.09,22.47,21.8,700185.0,22.0,22.09,22.47,21.8
2025-07-25,22.38,23.76,23.99,22.32,1241015.0,22.38,23.76,23.99,22.32
2025-07-28,23.65,24.3,24.92,22.6,1063517.0,23.65,24.3,24.92,22.6
2025-07-29,23.92,23.8,24.95,23.52,944718.0,23.92,23.8,24.95,23.52
2025-07-30,23.46,23.85,24.79,23.2,784069.0,23.46,23.85,24.79,23.2
2025-07-31,24.4,24.63,25.35,23.92,1020720.0,24.4,24.63,25.35,23.92
2025-08-01,25.09,25.15,25.41,23.67,946518.0,25.09,25.15,25.41,23.67
2025-08-04,24.52,25.34,25.48,24.51,682791.0,24.52,25.34,25.48,24.51
2025-08-05,25.26,24.15,25.67,24.1,662144.0,25.26,24.15,25.67,24.1
2025-08-06,24.0,26.32,27.2,23.07,1277026.0,24.0,26.32,27.2,23.07
2025-08-07,26.0,26.91,27.5,25.67,1083703.0,26.0,26.91,27.5,25.67
2025-08-08,26.4,25.83,27.18,25.68,761715.0,26.4,25.83,27.18,25.68
2025-08-11,25.5,25.95,26.68,25.21,650692.0,25.5,25.95,26.68,25.21
2025-08-12,25.63,24.66,25.8,23.93,883279.0,25.63,24.66,25.8,23.93
2025-08-13,24.56,24.6,25.15,24.36,608238.0,24.56,24.6,25.15,24.36
2025-08-14,24.57,25.32,25.9,24.47,918920.0,24.57,25.32,25.9,24.47
2025-08-15,24.8,26.2,27.0,24.72,876403.0,24.8,26.2,27.0,24.72
2025-08-18,26.21,26.26,27.18,26.0,999573.0,26.21,26.26,27.18,26.0
2025-08-19,26.02,26.73,28.01,25.68,980033.0,26.02,26.73,28.01,25.68
2025-08-20,26.3,26.33,26.58,25.51,692818.0,26.3,26.33,26.58,25.51
2025-08-21,25.7,26.63,27.3,25.53,837471.0,25.7,26.63,27.3,25.53
2025-08-22,26.65,27.69,28.0,26.35,959936.0,26.65,27.69,28.0,26.35
2025-08-25,27.71,27.01,27.98,26.4,1020249.0,27.71,27.01,27.98,26.4
2025-08-26,26.79,26.9,27.68,26.38,627094.0,26.79,26.9,27.68,26.38
2025-08-27,27.7,25.29,27.9,25.21,858348.0,27.7,25.29,27.9,25.21
2025-08-28,25.04,24.37,25.46,23.2,1205280.0,25.04,24.37,25.46,23.2
2025-08-29,24.11,23.45,24.15,23.3,717390.0,24.11,23.45,24.15,23.3
2025-09-01,23.98,23.22,24.1,23.13,566497.0,23.98,23.22,24.1,23.13
2025-09-02,23.29,22.73,23.37,22.35,568224.0,23.29,22.73,23.37,22.35
2025-09-03,22.77,21.72,22.97,21.65,507512.0,22.77,21.72,22.97,21.65
2025-09-04,21.74,21.66,22.56,21.18,513967.0,21.74,21.66,22.56,21.18
2025-09-05,21.71,22.01,22.15,21.22,384169.0,21.71,22.01,22.15,21.22
2025-09-08,21.8,22.29,22.5,21.8,469074.0,21.8,22.29,22.5,21.8
2025-09-09,22.1,21.22,22.12,21.21,437247.0,22.1,21.22,22.12,21.21
2025-09-10,21.3,21.6,21.97,21.3,334641.0,21.3,21.6,21.97,21.3
2025-09-11,21.88,22.16,22.19,21.37,466062.0,21.88,22.16,22.19,21.37
2025-09-12,21.89,22.05,22.5,21.7,482928.0,21.89,22.05,22.5,21.7
2025-09-15,21.91,21.68,22.17,21.62,320314.0,21.91,21.68,22.17,21.62
2025-09-16,21.69,22.17,22.25,21.5,354794.0,21.69,22.17,22.25,21.5
2025-09-17,22.05,22.4,22.63,21.83,391744.0,22.05,22.4,22.63,21.83
2025-09-18,22.28,22.2,23.04,21.92,597390.0,22.28,22.2,23.04,21.92
2025-09-19,22.22,21.68,22.75,21.58,385505.0,22.22,21.68,22.75,21.58
2025-09-22,21.72,21.56,22.09,21.13,406710.0,21.72,21.56,22.09,21.13
2025-09-23,21.55,20.93,21.56,20.45,454191.0,21.55,20.93,21.56,20.45
2025-09-24,20.71,21.25,21.28,20.62,322280.0,20.71,21.25,21.28,20.62
2025-09-25,21.28,22.26,22.69,21.21,696674.0,21.28,22.26,22.69,21.21
2025-09-26,22.22,21.39,22.22,21.39,387175.0,22.22,21.39,22.22,21.39
2025-09-29,21.5,21.21,21.58,20.95,302459.0,21.5,21.21,21.58,20.95
2025-09-30,21.83,22.41,22.98,21.77,695325.0,21.83,22.41,22.98,21.77
2025-10-09,22.5,22.69,22.97,22.0,594839.0,22.5,22.69,22.97,22.0
2025-10-10,22.4,21.4,22.44,21.32,478675.0,22.4,21.4,22.44,21.32
2025-10-13,20.52,21.1,21.3,20.51,272560.0,20.52,21.1,21.3,20.51
2025-10-14,21.3,20.61,21.5,20.56,279630.0,21.3,20.61,21.5,20.56
2025-10-15,20.61,20.89,20.9,19.8,261600.0,20.61,20.89,20.9,19.8
2025-10-16,20.77,20.12,20.77,20.05,253287.0,20.77,20.12,20.77,20.05
2025-10-17,20.13,19.22,20.22,19.21,280656.0,20.13,19.22,20.22,19.21
2025-10-20,19.6,19.66,19.85,19.47,196293.0,19.6,19.66,19.85,19.47
2025-10-21,19.7,19.73,19.82,19.52,157728.0,19.7,19.73,19.82,19.52
2025-10-22,19.55,19.52,19.72,19.44,115984.0,19.55,19.52,19.72,19.44
2025-10-23,19.52,19.95,20.02,19.28,181980.0,19.52,19.95,20.02,19.28
2025-10-24,19.65,19.41,19.82,19.31,316310.0,19.65,19.41,19.82,19.31
2025-10-27,19.54,19.65,19.87,19.35,240930.0,19.54,19.65,19.87,19.35
2025-10-28,19.67,19.77,20.11,19.48,266772.0,19.67,19.77,20.11,19.48
2025-10-29,19.68,19.82,19.82,19.41,205006.0,19.68,19.82,19.82,19.41
2025-10-30,19.81,19.63,20.09,19.52,255495.0,19.81,19.63,20.09,19.52
2025-10-31,19.5,20.58,20.94,19.5,590325.0,19.5,20.58,20.94,19.5
2025-11-03,20.8,21.35,21.45,20.45,519831.0,20.8,21.35,21.45,20.45
2025-11-04,20.98,20.72,21.03,20.52,331014.0,20.98,20.72,21.03,20.52
2025-11-05,20.4,20.41,20.62,20.13,222343.0,20.4,20.41,20.62,20.13
2025-11-06,20.35,20.25,20.46,20.0,208496.0,20.35,20.25,20.46,20.0
2025-11-07,20.06,19.99,20.34,19.92,193427.0,20.06,19.99,20.34,19.92
2025-11-10,20.33,20.17,20.56,20.0,168310.0,20.33,20.17,20.56,20.0
2025-11-11,20.17,20.28,20.88,19.81,297878.0,20.17,20.28,20.88,19.81
2025-11-12,20.13,19.72,20.2,19.58,194005.0,20.13,19.72,20.2,19.58
2025-11-13,19.66,20.11,20.12,19.56,174704.0,19.66,20.11,20.12,19.56
2025-11-14,19.99,19.5,19.99,19.5,181426.0,19.99,19.5,19.99,19.5
2025-11-17,19.4,20.17,20.3,19.4,272701.0,19.4,20.17,20.3,19.4
2025-11-18,20.15,20.66,20.93,19.95,410551.0,20.15,20.66,20.93,19.95
2025-11-19,20.79,20.25,20.9,20.13,258158.0,20.79,20.25,20.9,20.13
2025-11-20,20.39,19.8,20.5,19.77,224102.0,20.39,19.8,20.5,19.77
2025-11-21,19.52,19.56,20.24,19.21,287973.0,19.52,19.56,20.24,19.21
2025-11-24,19.98,20.72,20.89,19.75,582133.0,19.98,20.72,20.89,19.75
2025-11-25,20.7,21.09,21.4,20.67,599657.0,20.7,21.09,21.4,20.67
2025-11-26,20.98,20.84,21.39,20.8,398736.0,20.98,20.84,21.39,20.8
2025-11-27,20.75,20.76,21.05,20.54,311800.0,20.75,20.76,21.05,20.54
2025-11-28,20.7,21.44,21.65,20.31,686145.0,20.7,21.44,21.65,20.31
2025-12-01,20.99,20.95,21.14,20.7,457829.0,20.99,20.95,21.14,20.7
2025-12-02,21.16,20.63,21.29,20.57,297409.0,21.16,20.63,21.29,20.57
2025-12-03,20.57,19.98,20.63,19.86,293870.0,20.57,19.98,20.63,19.86
2025-12-04,19.9,20.01,20.1,19.76,155722.0,19.9,20.01,20.1,19.76
2025-12-05,20.0,20.11,20.18,19.7,201752.0,20.0,20.11,20.18,19.7
2025-12-08,20.08,20.06,20.28,20.01,243441.0,20.08,20.06,20.28,20.01
2025-12-09,19.96,19.66,20.13,19.63,216085.0,19.96,19.66,20.13,19.63
2025-12-10,19.67,19.81,19.82,19.45,158894.0,19.67,19.81,19.82,19.45
2025-12-11,19.8,19.45,19.8,19.45,148927.0,19.8,19.45,19.8,19.45
2025-12-12,19.45,19.68,19.79,19.42,153234.0,19.45,19.68,19.79,19.42
2025-12-15,19.48,19.24,19.57,19.24,138725.0,19.48,19.24,19.57,19.24
2025-12-16,19.23,18.4,19.24,18.3,203916.0,19.23,18.4,19.24,18.3
2025-12-17,18.43,18.6,18.67,17.95,182365.0,18.43,18.6,18.67,17.95
2025-12-18,18.42,18.41,18.64,18.35,108339.0,18.42,18.41,18.64,18.35
2025-12-19,18.46,18.58,18.6,18.4,103716.0,18.46,18.58,18.6,18.4
2025-12-22,18.6,18.67,18.74,18.53,111222.0,18.6,18.67,18.74,18.53
2025-12-23,18.99,18.55,19.17,18.5,124901.0,18.99,18.55,19.17,18.5
2025-12-24,18.45,18.6,18.64,18.36,122733.0,18.45,18.6,18.64,18.36
2025-12-25,18.65,18.8,18.92,18.56,131081.0,18.65,18.8,18.92,18.56
2025-12-26,18.8,18.83,18.99,18.69,145750.0,18.8,18.83,18.99,18.69
2025-12-29,18.8,19.2,19.39,18.77,230257.0,18.8,19.2,19.39,18.77
2025-12-30,19.22,19.46,19.66,19.22,240086.0,19.22,19.46,19.66,19.22
2025-12-31,19.5,19.9,20.04,19.33,293213.0,19.5,19.9,20.04,19.33
2026-01-05,19.92,20.33,20.48,19.75,405236.0,19.92,20.33,20.48,19.75
2026-01-06,20.32,20.26,20.32,20.0,324073.0,20.32,20.26,20.32,20.0
2026-01-07,20.2,20.08,20.43,19.98,266390.0,20.2,20.08,20.43,19.98
2026-01-08,20.21,20.48,21.0,20.02,417393.0,20.21,20.48,21.0,20.02
2026-01-09,20.38,22.03,22.12,20.36,883603.0,20.38,22.03,22.12,20.36
2026-01-12,23.01,26.44,26.44,22.81,1769865.0,23.01,26.44,26.44,22.81
2026-01-13,28.67,26.8,29.88,26.5,2487414.0,28.67,26.8,29.88,26.5
2026-01-14,26.23,30.88,31.0,26.23,2549223.0,26.23,30.88,31.0,26.23
2026-01-15,28.79,27.06,29.0,26.44,1676089.0,28.79,27.06,29.0,26.44
2026-01-16,26.7,25.14,27.13,24.9,1326526.0,26.7,25.14,27.13,24.9
2026-01-19,24.89,24.53,25.18,24.39,684170.0,24.89,24.53,25.18,24.39
2026-01-20,24.93,23.93,25.06,23.8,671610.0,24.93,23.93,25.06,23.8
2026-01-21,23.42,23.7,24.39,23.42,463732.0,23.42,23.7,24.39,23.42
2026-01-22,23.85,23.98,24.33,23.54,487708.0,23.85,23.98,24.33,23.54
2026-01-23,24.01,24.56,24.87,23.72,690424.0,24.01,24.56,24.87,23.72
2026-01-26,24.82,23.83,25.15,23.31,678693.0,24.82,23.83,25.15,23.31
2026-01-27,23.97,24.28,24.74,23.16,737052.0,23.97,24.28,24.74,23.16
2026-01-28,24.31,23.28,24.45,23.2,637552.0,24.31,23.28,24.45,23.2
2026-01-29,22.98,23.9,25.34,22.89,1095140.0,22.98,23.9,25.34,22.89
2026-01-30,23.71,22.91,23.81,22.7,535509.0,23.71,22.91,23.81,22.7
2026-02-02,23.34,22.46,23.49,22.45,420046.0,23.34,22.46,23.49,22.45
2026-02-03,22.8,23.3,23.3,22.61,414163.0,22.8,23.3,23.3,22.61
2026-02-04,23.0,22.87,23.42,22.3,440385.0,23.0,22.87,23.42,22.3
2026-02-05,22.47,22.28,22.78,22.23,271972.0,22.47,22.28,22.78,22.23
2026-02-06,22.09,21.8,22.39,21.62,318222.0,22.09,21.8,22.39,21.62
2026-02-09,22.33,23.12,23.35,22.33,498143.0,22.33,23.12,23.35,22.33
2026-02-10,23.36,23.87,24.26,23.13,710903.0,23.36,23.87,24.26,23.13
2026-02-11,23.99,23.5,24.17,23.4,449887.0,23.99,23.5,24.17,23.4
2026-02-12,23.75,24.12,24.39,23.49,627690.0,23.75,24.12,24.39,23.49
2026-02-13,23.93,23.7,24.64,23.68,521420.0,23.93,23.7,24.64,23.68
2026-02-24,23.78,22.41,23.78,22.2,544710.0,23.78,22.41,23.78,22.2
2026-02-25,22.59,22.71,23.04,22.27,402815.0,22.59,22.71,23.04,22.27
2026-02-26,22.55,22.39,22.73,22.2,309125.0,22.55,22.39,22.73,22.2
2026-02-27,22.32,23.15,23.66,22.2,542857.0,22.32,23.15,23.66,22.2
2026-03-02,24.0,23.39,24.98,23.31,970368.0,24.0,23.39,24.98,23.31
2026-03-03,23.86,21.17,23.99,21.04,742055.0,23.86,21.17,23.99,21.04
2026-03-04,20.76,20.76,21.36,20.53,386859.0,20.76,20.76,21.36,20.53
2026-03-05,21.3,20.74,21.4,20.44,371183.0,21.3,20.74,21.4,20.44
2026-03-06,20.5,20.75,20.97,20.48,276903.0,20.5,20.75,20.97,20.48
2026-03-09,20.3,21.42,21.58,19.99,524814.0,20.3,21.42,21.58,19.99
2026-03-10,21.68,21.55,22.66,21.09,591169.0,21.68,21.55,22.66,21.09
2026-03-11,21.59,21.05,21.77,21.01,326231.0,21.59,21.05,21.77,21.01
2026-03-12,21.02,20.78,21.49,20.76,297501.0,21.02,20.78,21.49,20.76
2026-03-13,20.69,19.8,20.72,19.76,383895.0,20.69,19.8,20.72,19.76
2026-03-16,19.87,19.96,19.99,19.54,202144.0,19.87,19.96,19.99,19.54
2026-03-17,20.0,19.32,20.06,19.31,214753.0,20.0,19.32,20.06,19.31
2026-03-18,19.45,19.91,19.97,19.31,226772.0,19.45,19.91,19.97,19.31
2026-03-19,19.51,19.64,19.8,19.41,188464.0,19.51,19.64,19.8,19.41
2026-03-20,19.69,18.68,19.72,18.68,286279.0,19.69,18.68,19.72,18.68
2026-03-23,18.4,17.61,18.5,17.43,303135.0,18.4,17.61,18.5,17.43
2026-03-24,17.97,18.09,18.15,17.51,223862.0,17.97,18.09,18.15,17.51
2026-03-25,18.16,18.43,18.75,18.1,269021.0,18.16,18.43,18.75,18.1
2026-03-26,18.36,17.83,18.42,17.74,205336.0,18.36,17.83,18.42,17.74
2026-03-27,17.56,18.04,18.18,17.5,146960.0,17.56,18.04,18.18,17.5
2026-03-30,17.67,18.06,18.07,17.51,147231.0,17.67,18.06,18.07,17.51
2026-03-31,18.04,17.86,18.4,17.83,156107.0,18.04,17.86,18.4,17.83
2026-04-01,18.3,18.23,18.36,18.02,153632.0,18.3,18.23,18.36,18.02
2026-04-02,18.1,17.56,18.15,17.45,175504.0,18.1,17.56,18.15,17.45
2026-04-03,17.75,17.11,17.79,17.11,127646.0,17.75,17.11,17.79,17.11
2026-04-07,17.19,17.25,17.4,17.08,106997.0,17.19,17.25,17.4,17.08
2026-04-08,17.76,18.89,18.92,17.76,369768.0,17.76,18.89,18.92,17.76
2026-04-09,18.51,18.16,18.63,18.12,239253.0,18.51,18.16,18.63,18.12
2026-04-10,18.47,18.47,18.92,18.36,261990.0,18.47,18.47,18.92,18.36
2026-04-13,18.19,18.35,18.51,17.98,168343.0,18.19,18.35,18.51,17.98
2026-04-14,18.72,18.71,18.92,18.54,236151.0,18.72,18.71,18.92,18.54
2026-04-15,18.84,18.39,18.86,18.31,210666.0,18.84,18.39,18.86,18.31
2026-04-16,18.58,18.72,18.78,18.53,220134.0,18.58,18.72,18.78,18.53
2026-04-17,18.58,18.71,18.88,18.53,166956.0,18.58,18.71,18.88,18.53
2026-04-20,18.8,19.01,19.28,18.68,257905.0,18.8,19.01,19.28,18.68
2026-04-21,18.87,18.57,18.93,18.46,194039.0,18.87,18.57,18.93,18.46
2026-04-22,18.52,18.96,19.05,18.41,246460.0,18.52,18.96,19.05,18.41
2026-04-23,18.28,18.17,18.51,17.95,373904.0,18.28,18.17,18.51,17.95
2026-04-24,18.09,18.34,18.9,17.6,392499.0,18.09,18.34,18.9,17.6
2026-04-27,18.5,18.19,18.55,17.97,217674.0,18.5,18.19,18.55,17.97
2026-04-28,18.1,17.53,18.1,17.41,229220.0,18.1,17.53,18.1,17.41
2026-04-29,17.54,17.95,18.17,17.5,197281.0,17.54,17.95,18.17,17.5
2026-04-30,17.91,17.87,18.07,17.76,143061.0,17.91,17.87,18.07,17.76
2026-05-06,18.09,18.72,19.0,18.05,348067.0,18.09,18.72,19.0,18.05
2026-05-07,18.73,19.52,19.59,18.67,384189.0,18.73,19.52,19.59,18.67
2026-05-08,19.91,19.49,20.15,19.44,411060.0,19.91,19.49,20.15,19.44
2026-05-11,19.63,19.65,20.02,19.41,309984.0,19.63,19.65,20.02,19.41
2026-05-12,19.51,19.12,19.6,19.04,249658.0,19.51,19.12,19.6,19.04
2026-05-13,18.99,19.35,19.41,18.72,220337.0,18.99,19.35,19.41,18.72
2026-05-14,19.6,18.57,19.93,18.5,286567.0,19.6,18.57,19.93,18.5
2026-05-15,18.6,18.69,19.32,18.57,291007.0,18.6,18.69,19.32,18.57
2026-05-18,18.55,19.1,19.27,18.53,255783.0,18.55,19.1,19.27,18.53
2026-05-19,19.01,19.58,19.75,18.92,337717.0,19.01,19.58,19.75,18.92
2026-05-20,19.46,18.93,19.78,18.85,289363.0,19.46,18.93,19.78,18.85
2026-05-21,19.12,18.25,19.4,18.15,300885.0,19.12,18.25,19.4,18.15
2026-05-22,18.33,18.37,18.5,17.88,234660.0,18.33,18.37,18.5,17.88
2026-05-25,18.54,18.46,19.15,18.24,225337.0,18.54,18.46,19.15,18.24
2026-05-26,18.21,17.97,18.21,17.67,231969.0,18.21,17.97,18.21,17.67
2026-05-27,17.96,17.33,18.15,17.31,204021.0,17.96,17.33,18.15,17.31
2026-05-28,17.39,17.04,17.39,16.5,274105.0,17.39,17.04,17.39,16.5
2026-05-29,17.18,16.57,17.5,16.51,229834.0,17.18,16.57,17.5,16.51
2026-06-01,16.65,17.37,17.96,16.6,326235.0,16.65,17.37,17.96,16.6
2026-06-02,17.33,16.91,17.5,16.63,216067.0,17.33,16.91,17.5,16.63
2026-06-03,16.84,16.48,17.02,16.41,198301.0,16.84,16.48,17.02,16.41
2026-06-04,16.35,15.96,16.35,15.76,227553.0,16.35,15.96,16.35,15.76
2026-06-05,15.85,15.97,16.28,15.61,177614.0,15.85,15.97,16.28,15.61
2026-06-08,15.55,15.67,16.03,15.4,184853.0,15.55,15.67,16.03,15.4
2026-06-09,15.9,16.8,16.99,15.51,353897.0,15.9,16.8,16.99,15.51
2026-06-10,16.45,15.97,16.72,15.8,228658.0,16.45,15.97,16.72,15.8
2026-06-11,15.78,15.09,15.95,14.91,224426.0,15.78,15.09,15.95,14.91
2026-06-12,15.4,15.15,15.55,15.07,178221.0,15.4,15.15,15.55,15.07
2026-06-15,15.39,15.61,15.75,15.32,187677.0,15.39,15.61,15.75,15.32
2026-06-16,15.45,15.64,15.67,15.26,175707.0,15.45,15.64,15.67,15.26
2026-06-17,15.51,15.3,15.6,15.17,159557.0,15.51,15.3,15.6,15.17
2026-06-18,15.31,15.64,15.98,15.04,249658.0,15.31,15.64,15.98,15.04
2026-06-22,15.48,16.24,16.25,15.24,319624.0,15.48,16.24,16.25,15.24
2026-06-23,16.0,15.64,16.37,15.55,223618.0,16.0,15.64,16.37,15.55
2026-06-24,15.73,15.19,15.73,15.06,192254.0,15.73,15.19,15.73,15.06
2026-06-25,15.13,14.5,15.2,14.47,290902.0,15.13,14.5,15.2,14.47
2026-06-26,14.4,13.66,14.4,13.62,258281.0,14.4,13.66,14.4,13.62
2026-06-29,13.7,13.47,14.08,13.31,197881.0,13.7,13.47,14.08,13.31
2026-06-30,13.5,13.82,13.95,13.37,176988.0,13.5,13.82,13.95,13.37
2026-07-01,13.83,14.09,14.34,13.68,220788.0,13.83,14.09,14.34,13.68
2026-07-02,14.37,13.8,14.51,13.72,276902.0,14.37,13.8,14.51,13.72
2026-07-03,13.74,13.59,13.94,13.46,218482.0,13.74,13.59,13.94,13.46
2026-07-06,13.44,13.21,13.68,13.21,164754.0,13.44,13.21,13.68,13.21
2026-07-07,13.2,12.82,13.38,12.74,174574.0,13.2,12.82,13.38,12.74
2026-07-08,12.8,13.15,13.3,12.75,207105.0,12.8,13.15,13.3,12.75
2026-07-09,13.01,13.42,13.67,12.9,244723.0,13.01,13.42,13.67,12.9
2026-07-10,13.3,13.72,14.37,13.06,395626.0,13.3,13.72,14.37,13.06
2026-07-13,13.66,12.99,13.9,12.96,245619.0,13.66,12.99,13.9,12.96
2026-07-14,13.1,12.67,13.15,12.3,211708.0,13.1,12.67,13.15,12.3
2026-07-15,12.63,13.05,13.23,12.57,215048.0,12.63,13.05,13.23,12.57
