date,open,close,high,low,vol,open_raw,close_raw,high_raw,low_raw
2023-11-08,30.949,31.859,32.239,30.719,3168722.0,32.58,33.49,33.87,32.35
2023-11-09,31.559,31.699,32.069,31.199,1746091.0,33.19,33.33,33.7,32.83
2023-11-10,31.379,30.889,31.459,30.659,1531743.0,33.01,32.52,33.09,32.29
2023-11-13,30.809,30.339,31.519,30.169,2064462.0,32.44,31.97,33.15,31.8
2023-11-14,30.339,30.379,30.939,29.969,1855318.0,31.97,32.01,32.57,31.6
2023-11-15,30.569,30.919,31.729,30.359,2760798.0,32.2,32.55,33.36,31.99
2023-11-16,31.079,30.419,31.079,30.379,1089859.0,32.71,32.05,32.71,32.01
2023-11-17,30.259,30.529,30.829,30.149,1259487.0,31.89,32.16,32.46,31.78
2023-11-20,30.679,31.539,31.719,30.219,4061781.0,32.31,33.17,33.35,31.85
2023-11-21,31.719,30.649,31.719,30.469,2723148.0,33.35,32.28,33.35,32.1
2023-11-22,30.569,29.859,30.659,29.769,1936458.0,32.2,31.49,32.29,31.4
2023-11-23,30.069,30.329,30.359,29.639,1272478.0,31.7,31.96,31.99,31.27
2023-11-24,30.349,29.919,30.349,29.779,684883.0,31.98,31.55,31.98,31.41
2023-11-27,30.969,31.349,32.599,30.669,4994247.0,32.6,32.98,34.23,32.3
2023-11-28,31.019,31.099,31.429,30.219,2992799.0,32.65,32.73,33.06,31.85
2023-11-29,31.039,30.669,31.559,30.569,2218663.0,32.67,32.3,33.19,32.2
2023-11-30,30.579,30.049,30.799,29.369,4599712.0,32.21,31.68,32.43,31.0
2023-12-01,30.219,29.869,30.219,29.549,1930455.0,31.85,31.5,31.85,31.18
2023-12-04,29.629,29.999,30.219,29.399,2449652.0,31.26,31.63,31.85,31.03
2023-12-05,30.099,29.889,30.709,29.799,2076231.0,31.73,31.52,32.34,31.43
2023-12-06,29.709,29.909,30.559,29.709,1429401.0,31.34,31.54,32.19,31.34
2023-12-07,29.649,29.939,30.359,29.649,1453225.0,31.28,31.57,31.99,31.28
2023-12-08,29.849,31.319,31.619,29.849,3605724.0,31.48,32.95,33.25,31.48
2023-12-11,31.579,32.219,32.519,30.699,3210707.0,33.21,33.85,34.15,32.33
2023-12-12,31.969,31.919,32.249,31.469,2212388.0,33.6,33.55,33.88,33.1
2023-12-13,31.719,32.859,32.929,31.569,4078108.0,33.35,34.49,34.56,33.2
2023-12-14,33.249,34.109,34.449,32.489,3988494.0,34.88,35.74,36.08,34.12
2023-12-15,34.219,33.529,34.219,33.139,1926584.0,35.85,35.16,35.85,34.77
2023-12-18,33.529,32.669,33.529,32.439,2795806.0,35.16,34.3,35.16,34.07
2023-12-19,32.669,32.529,32.869,32.219,1661255.0,34.3,34.16,34.5,33.85
2023-12-20,32.389,31.719,32.569,31.419,2340342.0,34.02,33.35,34.2,33.05
2023-12-21,31.519,32.399,32.739,31.369,2638630.0,33.15,34.03,34.37,33.0
2023-12-22,32.369,32.469,32.909,31.769,1868325.0,34.0,34.1,34.54,33.4
2023-12-25,32.389,33.169,33.469,31.969,2708998.0,34.02,34.8,35.1,33.6
2023-12-26,33.369,33.309,33.649,32.689,1648077.0,35.0,34.94,35.28,34.32
2023-12-27,33.509,33.899,34.099,32.989,1956101.0,35.14,35.53,35.73,34.62
2023-12-28,33.919,34.319,35.259,33.689,3182292.0,35.55,35.95,36.89,35.32
2023-12-29,34.129,34.199,34.569,33.829,2385157.0,35.76,35.83,36.2,35.46
2024-01-02,33.749,36.129,37.279,33.729,6779494.0,35.38,37.76,38.91,35.36
2024-01-03,36.559,36.229,36.939,35.969,4050798.0,38.19,37.86,38.57,37.6
2024-01-04,36.229,37.369,38.369,36.019,5015799.0,37.86,39.0,40.0,37.65
2024-01-05,36.969,36.939,37.869,36.749,4745394.0,38.6,38.57,39.5,38.38
2024-01-08,37.769,36.859,37.769,36.469,3747241.0,39.4,38.49,39.4,38.1
2024-01-09,36.869,37.119,37.369,36.049,2747513.0,38.5,38.75,39.0,37.68
2024-01-10,36.889,37.319,38.869,36.449,3367283.0,38.52,38.95,40.5,38.08
2024-01-11,37.309,37.149,37.759,36.869,1620050.0,38.94,38.78,39.39,38.5
2024-01-12,36.919,38.639,39.009,36.879,3578857.0,38.55,40.27,40.64,38.51
2024-01-15,38.459,40.329,40.589,38.459,5472229.0,40.09,41.96,42.22,40.09
2024-01-16,39.719,39.329,40.519,38.829,6013446.0,41.35,40.96,42.15,40.46
2024-01-17,39.369,39.469,40.549,38.769,5238837.0,41.0,41.1,42.18,40.4
2024-01-18,38.649,39.159,39.949,37.799,4833966.0,40.28,40.79,41.58,39.43
2024-01-19,38.969,36.949,39.379,36.769,6828072.0,40.6,38.58,41.01,38.4
2024-01-22,37.319,37.189,39.369,36.709,8154182.0,38.95,38.82,41.0,38.34
2024-01-23,37.369,37.389,38.119,36.219,5237398.0,39.0,39.02,39.75,37.85
2024-01-24,37.379,36.769,38.059,35.669,4197374.0,39.01,38.4,39.69,37.3
2024-01-25,37.069,37.269,37.409,35.559,5791303.0,38.7,38.9,39.04,37.19
2024-01-26,37.049,35.759,37.049,35.559,3392772.0,38.68,37.39,38.68,37.19
2024-01-29,35.419,33.989,35.659,33.869,5679949.0,37.05,35.62,37.29,35.5
2024-01-30,33.209,33.749,35.309,33.209,3789389.0,34.84,35.38,36.94,34.84
2024-01-31,33.409,32.879,34.039,32.819,3358608.0,35.04,34.51,35.67,34.45
2024-02-01,32.849,34.199,35.169,32.679,4148810.0,34.48,35.83,36.8,34.31
2024-02-02,33.769,34.919,35.849,33.699,5710983.0,35.4,36.55,37.48,35.33
2024-02-05,34.419,36.299,39.279,33.019,4656017.0,36.05,37.93,40.91,34.65
2024-02-06,35.189,38.439,38.869,35.089,4083644.0,36.82,40.07,40.5,36.72
2024-02-07,37.699,38.919,39.799,37.699,4922853.0,39.33,40.55,41.43,39.33
2024-02-08,38.769,38.409,41.029,38.049,4421487.0,40.4,40.04,42.66,39.68
2024-02-19,38.909,40.369,40.949,37.879,3996177.0,40.54,42.0,42.58,39.51
2024-02-20,39.529,39.409,39.829,38.369,2850174.0,41.16,41.04,41.46,40.0
2024-02-21,39.169,39.829,41.319,38.819,3062374.0,40.8,41.46,42.95,40.45
2024-02-22,39.589,39.469,40.289,39.169,2133011.0,41.22,41.1,41.92,40.8
2024-02-23,39.549,39.749,40.789,39.029,2696888.0,41.18,41.38,42.42,40.66
2024-02-26,38.349,37.249,39.159,36.629,8534913.0,39.98,38.88,40.79,38.26
2024-02-27,36.839,36.569,36.989,35.289,8775562.0,38.47,38.2,38.62,36.92
2024-02-28,36.539,36.519,37.469,35.969,5311931.0,38.17,38.15,39.1,37.6
2024-02-29,36.049,37.129,37.349,35.979,4815304.0,37.68,38.76,38.98,37.61
2024-03-01,37.129,37.579,37.789,35.169,5806339.0,38.76,39.21,39.42,36.8
2024-03-04,38.369,44.369,45.019,38.369,10509184.0,40.0,46.0,46.65,40.0
2024-03-05,43.669,41.579,43.669,40.849,9915442.0,45.3,43.21,45.3,42.48
2024-03-06,40.769,42.699,43.889,40.699,8462748.0,42.4,44.33,45.52,42.33
2024-03-07,42.169,41.449,42.349,41.049,4899723.0,43.8,43.08,43.98,42.68
2024-03-08,41.119,42.129,42.769,40.609,5833039.0,42.75,43.76,44.4,42.24
2024-03-11,43.009,43.659,44.839,42.259,7590649.0,44.64,45.29,46.47,43.89
2024-03-12,43.349,42.749,43.819,42.149,5216393.0,44.98,44.38,45.45,43.78
2024-03-13,42.749,43.249,44.249,42.469,5577216.0,44.38,44.88,45.88,44.1
2024-03-14,43.169,44.919,45.669,42.179,6847163.0,44.8,46.55,47.3,43.81
2024-03-15,44.429,44.109,44.549,42.949,5383054.0,46.06,45.74,46.18,44.58
2024-03-18,43.869,43.069,44.179,41.969,6325567.0,45.5,44.7,45.81,43.6
2024-03-19,42.759,42.119,43.549,41.969,5073957.0,44.39,43.75,45.18,43.6
2024-03-20,42.069,41.399,42.549,40.989,6369961.0,43.7,43.03,44.18,42.62
2024-03-21,41.469,38.969,41.639,38.559,11219778.0,43.1,40.6,43.27,40.19
2024-03-22,38.869,39.989,40.529,38.569,8352612.0,40.5,41.62,42.16,40.2
2024-03-25,39.579,41.169,42.229,39.369,6992185.0,41.21,42.8,43.86,41.0
2024-03-26,40.919,40.969,41.409,40.069,5529852.0,42.55,42.6,43.04,41.7
2024-03-27,41.019,39.569,41.149,38.909,7870550.0,42.65,41.2,42.78,40.54
2024-03-28,39.629,38.689,40.559,38.249,5831131.0,41.26,40.32,42.19,39.88
2024-03-29,38.389,37.939,38.919,37.169,9298178.0,40.02,39.57,40.55,38.8
2024-04-01,37.949,40.359,40.549,37.249,11912574.0,39.58,41.99,42.18,38.88
2024-04-02,40.369,39.799,41.469,39.419,5303865.0,42.0,41.43,43.1,41.05
2024-04-03,39.169,39.179,39.839,38.199,5169352.0,40.8,40.81,41.47,39.83
2024-04-08,38.969,40.679,41.369,38.649,7734586.0,40.6,42.31,43.0,40.28
2024-04-09,40.799,41.939,42.369,40.369,6497634.0,42.43,43.57,44.0,42.0
2024-04-10,41.469,41.619,42.299,40.869,4868233.0,43.1,43.25,43.93,42.5
2024-04-11,41.199,44.779,46.599,41.199,12226413.0,42.83,46.41,48.23,42.83
2024-04-12,44.829,44.959,46.549,44.369,6917713.0,46.46,46.59,48.18,46.0
2024-04-15,44.369,45.649,46.319,43.959,5805914.0,46.0,47.28,47.95,45.59
2024-04-16,45.839,46.869,47.649,44.639,6781829.0,47.47,48.5,49.28,46.27
2024-04-17,46.019,46.449,46.949,44.389,9636015.0,47.65,48.08,48.58,46.02
2024-04-18,48.369,47.519,50.859,46.869,11002709.0,50.0,49.15,52.49,48.5
2024-04-19,47.369,45.169,47.849,45.069,7237791.0,49.0,46.8,49.48,46.7
2024-04-22,44.669,45.229,46.519,44.389,6021431.0,46.3,46.86,48.15,46.02
2024-04-23,43.419,46.859,47.429,43.249,10551139.0,45.05,48.49,49.06,44.88
2024-04-24,46.429,46.299,47.119,45.809,5016942.0,48.06,47.93,48.75,47.44
2024-04-25,46.169,44.919,46.269,44.769,3333393.0,47.8,46.55,47.9,46.4
2024-04-26,45.299,47.469,48.419,45.019,6782265.0,46.93,49.1,50.05,46.65
2024-04-29,46.869,49.229,51.219,46.469,8501213.0,48.5,50.86,52.85,48.1
2024-04-30,48.869,47.669,49.369,47.479,3517372.0,50.5,49.3,51.0,49.11
2024-05-06,47.759,48.419,48.659,46.869,5589994.0,49.39,50.05,50.29,48.5
2024-05-07,48.239,46.289,48.269,46.219,7114440.0,49.87,47.92,49.9,47.85
2024-05-08,46.119,47.139,48.059,45.869,4861136.0,47.75,48.77,49.69,47.5
2024-05-09,47.149,49.269,50.029,47.149,7178238.0,48.78,50.9,51.66,48.78
2024-05-10,49.569,52.869,53.389,49.569,9411936.0,51.2,54.5,55.02,51.2
2024-05-13,52.569,55.369,59.249,52.539,12753726.0,54.2,57.0,60.88,54.17
2024-05-14,54.499,56.099,58.139,53.869,8864238.0,56.13,57.73,59.77,55.5
2024-05-15,55.749,57.669,60.719,55.429,7729826.0,57.38,59.3,62.35,57.06
2024-05-16,57.059,57.269,58.059,55.919,5989079.0,58.69,58.9,59.69,57.55
2024-05-17,56.049,54.199,57.009,53.709,7869245.0,57.68,55.83,58.64,55.34
2024-05-20,53.669,55.419,56.479,52.969,7453716.0,55.3,57.05,58.11,54.6
2024-05-21,55.419,55.589,57.869,54.669,6199814.0,57.05,57.22,59.5,56.3
2024-05-22,55.179,54.309,55.749,53.979,5553680.0,56.81,55.94,57.38,55.61
2024-05-23,54.049,55.259,56.219,54.049,5379176.0,55.68,56.89,57.85,55.68
2024-05-24,55.169,57.949,59.059,55.169,7669667.0,56.8,59.58,60.69,56.8
2024-05-27,57.969,60.369,61.699,57.009,7886933.0,59.6,62.0,63.33,58.64
2024-05-28,59.569,60.849,62.949,58.429,7170879.0,61.2,62.48,64.58,60.06
2024-05-29,60.169,59.379,60.649,58.809,4397963.0,61.8,61.01,62.28,60.44
2024-05-30,59.769,58.939,59.769,57.239,4364592.0,61.4,60.57,61.4,58.87
2024-05-31,58.849,56.379,58.849,55.779,10069922.0,60.48,58.01,60.48,57.41
2024-06-03,56.949,56.469,57.379,55.429,5383435.0,58.58,58.1,59.01,57.06
2024-06-04,56.019,56.269,56.939,54.469,6548724.0,57.65,57.9,58.57,56.1
2024-06-05,56.079,54.249,56.369,54.169,6047979.0,57.71,55.88,58.0,55.8
2024-06-06,54.309,54.179,55.369,53.369,5941376.0,55.94,55.81,57.0,55.0
2024-06-07,54.469,51.289,54.469,49.969,11145231.0,56.1,52.92,56.1,51.6
2024-06-11,51.369,52.879,53.059,50.889,5931580.0,53.0,54.51,54.69,52.52
2024-06-12,53.249,51.409,53.249,51.169,4027662.0,54.88,53.04,54.88,52.8
2024-06-13,51.369,53.349,54.549,51.229,6491180.0,53.0,54.98,56.18,52.86
2024-06-14,52.369,55.139,55.619,52.369,7191441.0,53.55,56.32,56.8,53.55
2024-06-17,54.819,57.099,57.919,54.489,6850409.0,56.0,58.28,59.1,55.67
2024-06-18,57.319,57.409,57.669,55.619,4999216.0,58.5,58.59,58.85,56.8
2024-06-19,57.049,56.019,57.049,55.379,3140921.0,58.23,57.2,58.23,56.56
2024-06-20,56.009,53.709,56.129,53.479,5545373.0,57.19,54.89,57.31,54.66
2024-06-21,53.549,53.179,53.819,51.259,7123948.0,54.73,54.36,55.0,52.44
2024-06-24,52.799,52.909,54.259,52.219,2893576.0,53.98,54.09,55.44,53.4
2024-06-25,52.629,51.079,53.019,50.119,5734555.0,53.81,52.26,54.2,51.3
2024-06-26,51.439,50.319,51.699,49.739,4150731.0,52.62,51.5,52.88,50.92
2024-06-27,49.969,49.389,50.359,48.619,3672438.0,51.15,50.57,51.54,49.8
2024-06-28,49.289,50.969,51.779,49.289,6187845.0,50.47,52.15,52.96,50.47
2024-07-01,50.819,46.299,51.109,44.029,13044362.0,52.0,47.48,52.29,45.21
2024-07-02,46.389,44.919,46.389,44.549,7845301.0,47.57,46.1,47.57,45.73
2024-07-03,44.969,42.769,44.969,42.179,8754385.0,46.15,43.95,46.15,43.36
2024-07-04,42.819,44.109,45.499,42.819,6929721.0,44.0,45.29,46.68,44.0
2024-07-05,43.809,44.929,45.329,42.359,5892336.0,44.99,46.11,46.51,43.54
2024-07-08,45.069,45.509,46.189,43.779,5008622.0,46.25,46.69,47.37,44.96
2024-07-09,44.859,45.289,45.539,43.799,4717190.0,46.04,46.47,46.72,44.98
2024-07-10,46.459,43.509,46.459,41.879,8924495.0,47.64,44.69,47.64,43.06
2024-07-11,44.229,41.379,44.319,41.159,11724473.0,45.41,42.56,45.5,42.34
2024-07-12,41.509,41.889,42.759,41.239,7820316.0,42.69,43.07,43.94,42.42
2024-07-15,41.219,39.719,41.619,39.329,11196452.0,42.4,40.9,42.8,40.51
2024-07-16,39.799,38.759,40.019,38.039,7962719.0,40.98,39.94,41.2,39.22
2024-07-17,39.259,39.399,39.829,38.039,7817895.0,40.44,40.58,41.01,39.22
2024-07-18,38.919,39.009,39.959,38.769,5670850.0,40.1,40.19,41.14,39.95
2024-07-19,38.809,40.609,40.809,38.189,6294691.0,39.99,41.79,41.99,39.37
2024-07-22,40.259,40.679,42.319,40.049,6528027.0,41.44,41.86,43.5,41.23
2024-07-23,40.679,38.329,41.089,38.269,5655752.0,41.86,39.51,42.27,39.45
2024-07-24,38.319,37.559,38.669,37.389,4702615.0,39.5,38.74,39.85,38.57
2024-07-25,37.499,38.239,38.479,36.399,4812553.0,38.68,39.42,39.66,37.58
2024-07-26,38.019,39.649,40.419,38.019,5559137.0,39.2,40.83,41.6,39.2
2024-07-29,40.259,38.329,40.259,37.559,5558665.0,41.44,39.51,41.44,38.74
2024-07-30,38.149,38.019,38.479,37.519,2833785.0,39.33,39.2,39.66,38.7
2024-07-31,38.229,39.209,39.789,36.949,5263198.0,39.41,40.39,40.97,38.13
2024-08-01,39.669,38.439,40.379,38.269,5656223.0,40.85,39.62,41.56,39.45
2024-08-02,38.389,37.289,38.609,36.859,5770966.0,39.57,38.47,39.79,38.04
2024-08-05,36.799,35.739,37.129,35.569,6233161.0,37.98,36.92,38.31,36.75
2024-08-06,35.819,36.399,36.799,34.829,8289968.0,37.0,37.58,37.98,36.01
2024-08-07,35.919,37.919,38.689,35.819,6660072.0,37.1,39.1,39.87,37.0
2024-08-08,37.919,38.989,39.419,37.219,6067362.0,39.1,40.17,40.6,38.4
2024-08-09,39.069,40.019,40.909,39.039,7110800.0,40.25,41.2,42.09,40.22
2024-08-12,39.799,35.689,40.019,34.449,17908543.0,40.98,36.87,41.2,35.63
2024-08-13,35.569,35.019,35.819,33.319,15099765.0,36.75,36.2,37.0,34.5
2024-08-14,35.359,33.939,35.469,33.619,8009916.0,36.54,35.12,36.65,34.8
2024-08-15,33.769,34.269,35.119,33.549,5402270.0,34.95,35.45,36.3,34.73
2024-08-16,33.949,32.969,34.309,32.919,5740155.0,35.13,34.15,35.49,34.1
2024-08-19,33.029,33.179,34.139,32.999,4799991.0,34.21,34.36,35.32,34.18
2024-08-20,33.379,32.499,33.429,31.819,5604909.0,34.56,33.68,34.61,33.0
2024-08-21,32.249,31.529,32.559,31.299,6332958.0,33.43,32.71,33.74,32.48
2024-08-22,31.739,31.189,32.019,31.019,4470060.0,32.92,32.37,33.2,32.2
2024-08-23,31.179,30.129,31.899,29.929,7673313.0,32.36,31.31,33.08,31.11
2024-08-26,30.129,29.319,30.309,29.229,6301344.0,31.31,30.5,31.49,30.41
2024-08-27,29.359,28.219,29.359,28.059,6049106.0,30.54,29.4,30.54,29.24
2024-08-28,28.329,27.989,28.609,27.929,4212175.0,29.51,29.17,29.79,29.11
2024-08-29,28.219,29.689,30.549,27.669,7594423.0,29.4,30.87,31.73,28.85
2024-08-30,29.819,30.239,31.199,29.169,7642754.0,31.0,31.42,32.38,30.35
2024-09-02,30.359,28.349,31.259,28.219,9659538.0,31.54,29.53,32.44,29.4
2024-09-03,28.419,29.719,29.899,28.049,10212573.0,29.6,30.9,31.08,29.23
2024-09-04,29.519,30.859,31.099,28.819,8962169.0,30.7,32.04,32.28,30.0
2024-09-05,30.769,30.869,31.719,30.319,6295117.0,31.95,32.05,32.9,31.5
2024-09-06,30.749,29.669,31.389,29.509,4704291.0,31.93,30.85,32.57,30.69
2024-09-09,29.629,28.149,29.799,27.829,8723296.0,30.81,29.33,30.98,29.01
2024-09-10,28.519,27.279,28.599,26.929,7051639.0,29.7,28.46,29.78,28.11
2024-09-11,27.259,29.519,30.199,26.939,11099400.0,28.44,30.7,31.38,28.12
2024-09-12,30.219,29.229,30.789,29.109,8693110.0,31.4,30.41,31.97,30.29
2024-09-13,29.219,27.749,29.249,27.639,8590901.0,30.4,28.93,30.43,28.82
2024-09-18,28.469,28.369,28.829,27.469,5733655.0,29.65,29.55,30.01,28.65
2024-09-19,28.459,29.349,30.179,28.459,8134416.0,29.64,30.53,31.36,29.64
2024-09-20,29.019,27.909,29.389,27.349,7654894.0,30.2,29.09,30.57,28.53
2024-09-23,27.819,27.719,29.149,27.659,5376767.0,29.0,28.9,30.33,28.84
2024-09-24,27.979,28.819,28.949,26.839,8247362.0,29.16,30.0,30.13,28.02
2024-09-25,29.299,28.719,30.099,28.549,10382260.0,30.48,29.9,31.28,29.73
2024-09-26,28.719,28.559,28.779,26.849,17015037.0,29.9,29.74,29.96,28.03
2024-09-27,29.039,31.519,33.319,29.039,13063131.0,30.22,32.7,34.5,30.22
2024-09-30,32.879,35.699,37.019,31.819,35331858.0,34.06,36.88,38.2,33.0
2024-10-08,40.739,39.819,41.819,35.829,32071920.0,41.92,41.0,43.0,37.01
2024-10-09,37.779,33.319,37.819,32.939,23807928.0,38.96,34.5,39.0,34.12
2024-10-10,33.819,32.139,34.519,31.789,17326924.0,35.0,33.32,35.7,32.97
2024-10-11,32.049,30.479,32.319,29.929,14583169.0,33.23,31.66,33.5,31.11
2024-10-14,30.809,33.109,33.399,30.629,18191781.0,31.99,34.29,34.58,31.81
2024-10-15,32.749,32.019,33.009,31.899,10233364.0,33.93,33.2,34.19,33.08
2024-10-16,31.149,31.579,32.149,30.819,8269092.0,32.33,32.76,33.33,32.0
2024-10-17,31.809,32.549,32.789,31.599,9419272.0,32.99,33.73,33.97,32.78
2024-10-18,32.259,34.119,35.209,31.939,15334995.0,33.44,35.3,36.39,33.12
2024-10-21,34.179,35.289,35.329,32.259,19121577.0,35.36,36.47,36.51,33.44
2024-10-22,33.799,34.359,35.169,33.719,18233741.0,34.98,35.54,36.35,34.9
2024-10-23,34.219,33.579,34.619,33.529,10387873.0,35.4,34.76,35.8,34.71
2024-10-24,33.399,32.629,33.769,32.499,8530199.0,34.58,33.81,34.95,33.68
2024-10-25,32.519,34.519,35.789,32.479,19346345.0,33.7,35.7,36.97,33.66
2024-10-28,34.589,34.509,34.879,33.429,11324558.0,35.77,35.69,36.06,34.61
2024-10-29,34.629,33.929,35.749,33.699,14391913.0,35.81,35.11,36.93,34.88
2024-10-30,33.629,33.519,34.259,32.999,8624554.0,34.81,34.7,35.44,34.18
2024-10-31,33.599,33.629,34.089,32.499,10883030.0,34.78,34.81,35.27,33.68
2024-11-01,33.259,33.649,34.709,33.059,10735022.0,34.44,34.83,35.89,34.24
2024-11-04,34.119,36.809,37.609,34.119,19192773.0,35.3,37.99,38.79,35.3
2024-11-05,37.319,38.339,38.789,36.699,17060182.0,38.5,39.52,39.97,37.88
2024-11-06,37.819,35.859,38.749,35.669,20820280.0,39.0,37.04,39.93,36.85
2024-11-07,35.459,35.939,36.189,34.399,13267333.0,36.64,37.12,37.37,35.58
2024-11-08,36.209,35.689,37.099,35.559,10336674.0,37.39,36.87,38.28,36.74
2024-11-11,35.729,36.579,36.979,35.369,11928470.0,36.91,37.76,38.16,36.55
2024-11-12,36.719,36.319,37.109,36.039,10523275.0,37.9,37.5,38.29,37.22
2024-11-13,36.089,36.999,37.369,35.979,10047626.0,37.27,38.18,38.55,37.16
2024-11-14,37.299,35.679,37.429,35.509,10667551.0,38.48,36.86,38.61,36.69
2024-11-15,35.419,34.329,35.809,34.329,7574026.0,36.6,35.51,36.99,35.51
2024-11-18,34.699,33.499,34.799,33.119,7465781.0,35.88,34.68,35.98,34.3
2024-11-19,33.719,33.949,34.009,33.189,5032197.0,34.9,35.13,35.19,34.37
2024-11-20,33.819,33.719,34.029,33.369,6821562.0,35.0,34.9,35.21,34.55
2024-11-21,33.479,32.749,33.779,32.479,9658843.0,34.66,33.93,34.96,33.66
2024-11-22,32.719,31.379,32.889,31.379,6767253.0,33.9,32.56,34.07,32.56
2024-11-25,31.319,30.619,31.559,29.869,6947089.0,32.5,31.8,32.74,31.05
2024-11-26,30.619,30.679,31.229,30.319,3782524.0,31.8,31.86,32.41,31.5
2024-11-27,30.439,31.369,31.369,30.019,4642230.0,31.62,32.55,32.55,31.2
2024-11-28,31.409,30.479,31.489,30.479,6344562.0,32.59,31.66,32.67,31.66
2024-11-29,30.479,30.929,31.209,30.219,5199683.0,31.66,32.11,32.39,31.4
2024-12-02,31.389,34.199,34.479,31.249,20451049.0,32.57,35.38,35.66,32.43
2024-12-03,34.299,32.759,34.449,32.589,16139534.0,35.48,33.94,35.63,33.77
2024-12-04,32.789,31.499,32.819,31.329,10763681.0,33.97,32.68,34.0,32.51
2024-12-05,31.309,31.719,32.109,31.139,5908243.0,32.49,32.9,33.29,32.32
2024-12-06,31.719,31.679,31.999,30.869,7824128.0,32.9,32.86,33.18,32.05
2024-12-09,31.599,30.709,31.659,30.669,7525723.0,32.78,31.89,32.84,31.85
2024-12-10,31.719,30.929,31.809,30.859,7236844.0,32.9,32.11,32.99,32.04
2024-12-11,30.799,31.369,31.699,30.729,7218443.0,31.98,32.55,32.88,31.91
2024-12-12,31.519,31.229,31.639,30.729,7716271.0,32.7,32.41,32.82,31.91
2024-12-13,31.149,30.839,31.609,30.789,8112695.0,32.33,32.02,32.79,31.97
2024-12-16,30.839,30.749,31.449,30.629,5782354.0,32.02,31.93,32.63,31.81
2024-12-17,30.689,30.869,30.969,30.449,4560122.0,31.87,32.05,32.15,31.63
2024-12-18,31.259,31.069,31.919,30.929,7802916.0,32.44,32.25,33.1,32.11
2024-12-19,31.609,35.689,37.519,31.089,49271742.0,32.79,36.87,38.7,32.27
2024-12-20,35.319,35.699,36.039,34.769,33351503.0,36.5,36.88,37.22,35.95
2024-12-23,37.819,37.119,40.809,36.699,47210980.0,39.0,38.3,41.99,37.88
2024-12-24,38.319,38.819,39.309,36.389,37913531.0,39.5,40.0,40.49,37.57
2024-12-25,39.369,39.819,41.809,38.559,35790872.0,40.55,41.0,42.99,39.74
2024-12-26,39.199,42.249,43.219,39.149,36165321.0,40.38,43.43,44.4,40.33
2024-12-27,44.699,42.539,45.369,42.019,44470949.0,45.88,43.72,46.55,43.2
2024-12-30,43.819,41.219,44.509,41.199,30291351.0,45.0,42.4,45.69,42.38
2024-12-31,42.279,40.239,42.719,39.899,30601965.0,43.46,41.42,43.9,41.08
2025-01-02,39.619,37.569,40.319,37.099,33886580.0,40.8,38.75,41.5,38.28
2025-01-03,37.619,35.819,38.019,35.699,24165103.0,38.8,37.0,39.2,36.88
2025-01-06,36.499,38.329,39.069,35.699,33359571.0,37.68,39.51,40.25,36.88
2025-01-07,37.499,40.939,41.219,36.969,35226617.0,38.68,42.12,42.4,38.15
2025-01-08,39.439,40.379,40.659,38.119,26551753.0,40.62,41.56,41.84,39.3
2025-01-09,39.519,39.079,41.209,38.979,21762769.0,40.7,40.26,42.39,40.16
2025-01-10,38.809,36.269,39.019,36.209,20989605.0,39.99,37.45,40.2,37.39
2025-01-13,35.709,37.209,38.119,35.509,18697194.0,36.89,38.39,39.3,36.69
2025-01-14,38.149,40.499,40.579,37.999,22780862.0,39.33,41.68,41.76,39.18
2025-01-15,40.089,38.639,40.379,38.439,16790271.0,41.27,39.82,41.56,39.62
2025-01-16,39.109,39.449,39.709,38.219,15904410.0,40.29,40.63,40.89,39.4
2025-01-17,38.919,38.669,39.079,37.319,14493765.0,40.1,39.85,40.26,38.5
2025-01-20,39.709,40.849,43.199,39.709,26834752.0,40.89,42.03,44.38,40.89
2025-01-21,41.079,41.609,42.419,40.609,17733802.0,42.26,42.79,43.6,41.79
2025-01-22,43.319,43.519,45.099,42.539,26902921.0,44.5,44.7,46.28,43.72
2025-01-23,44.329,41.619,44.819,41.499,21600233.0,45.51,42.8,46.0,42.68
2025-01-24,41.429,42.239,43.809,41.429,22894753.0,42.61,43.42,44.99,42.61
2025-01-27,41.369,38.519,41.459,38.519,19833527.0,42.55,39.7,42.64,39.7
2025-02-05,37.209,33.699,37.699,33.629,28379116.0,38.39,34.88,38.88,34.81
2025-02-06,34.379,35.109,35.319,33.449,22554312.0,35.56,36.29,36.5,34.63
2025-02-07,35.169,35.659,36.439,34.899,23417530.0,36.35,36.84,37.62,36.08
2025-02-10,35.719,35.479,35.819,34.229,18491211.0,36.9,36.66,37.0,35.41
2025-02-11,35.839,35.799,36.989,35.489,18671335.0,37.02,36.98,38.17,36.67
2025-02-12,36.099,37.769,38.599,35.939,23152162.0,37.28,38.95,39.78,37.12
2025-02-13,37.789,36.209,38.109,35.539,23697160.0,38.97,37.39,39.29,36.72
2025-02-14,36.079,37.879,38.509,36.059,24508806.0,37.26,39.06,39.69,37.24
2025-02-17,38.689,40.369,40.799,37.799,28782204.0,39.87,41.55,41.98,38.98
2025-02-18,41.119,39.329,42.339,38.729,28608610.0,42.3,40.51,43.52,39.91
2025-02-19,38.819,39.269,40.069,38.519,21283536.0,40.0,40.45,41.25,39.7
2025-02-20,39.319,37.739,39.319,37.629,22688239.0,40.5,38.92,40.5,38.81
2025-02-21,39.049,40.889,42.039,38.519,37665776.0,40.23,42.07,43.22,39.7
2025-02-24,41.679,42.969,43.019,39.829,38329517.0,42.86,44.15,44.2,41.01
2025-02-25,40.219,41.289,42.699,40.219,24833332.0,41.4,42.47,43.88,41.4
2025-02-26,40.869,42.039,43.089,39.649,25963897.0,42.05,43.22,44.27,40.83
2025-02-27,42.429,42.789,43.389,41.339,23857149.0,43.61,43.97,44.57,42.52
2025-02-28,42.299,39.619,42.299,39.319,23179262.0,43.48,40.8,43.48,40.5
2025-03-03,39.569,38.289,39.799,37.839,14603736.0,40.75,39.47,40.98,39.02
2025-03-04,37.509,37.889,38.149,37.079,13242905.0,38.69,39.07,39.33,38.26
2025-03-05,38.269,38.829,38.869,37.739,11289862.0,39.45,40.01,40.05,38.92
2025-03-06,39.699,40.589,41.619,39.619,21292661.0,40.88,41.77,42.8,40.8
2025-03-07,40.149,39.669,40.579,39.259,13056993.0,41.33,40.85,41.76,40.44
2025-03-10,40.499,41.379,41.999,39.879,21332582.0,41.68,42.56,43.18,41.06
2025-03-11,40.369,42.159,42.399,40.009,19408957.0,41.55,43.34,43.58,41.19
2025-03-12,42.769,43.729,45.209,41.819,26948471.0,43.95,44.91,46.39,43.0
2025-03-13,43.699,42.419,44.319,41.899,17803349.0,44.88,43.6,45.5,43.08
2025-03-14,42.029,45.219,46.559,41.379,25575246.0,43.21,46.4,47.74,42.56
2025-03-17,45.309,44.719,45.809,43.879,16332960.0,46.49,45.9,46.99,45.06
2025-03-18,44.369,43.709,46.119,43.129,16606328.0,45.55,44.89,47.3,44.31
2025-03-19,43.119,43.349,43.999,42.699,9031203.0,44.3,44.53,45.18,43.88
2025-03-20,43.169,41.499,43.749,41.489,16047490.0,44.35,42.68,44.93,42.67
2025-03-21,41.219,41.599,41.909,40.619,10586488.0,42.4,42.78,43.09,41.8
2025-03-24,41.289,42.269,42.329,40.619,10643349.0,42.47,43.45,43.51,41.8
2025-03-25,41.839,40.429,42.619,40.119,11303053.0,43.02,41.61,43.8,41.3
2025-03-26,40.219,40.299,40.999,40.159,5542724.0,41.4,41.48,42.18,41.34
2025-03-27,40.079,39.099,40.079,39.019,9208730.0,41.26,40.28,41.26,40.2
2025-03-28,39.109,38.979,39.769,38.979,4684779.0,40.29,40.16,40.95,40.16
2025-03-31,38.799,38.559,39.109,37.479,10525890.0,39.98,39.74,40.29,38.66
2025-04-01,38.729,39.079,39.309,38.669,5753281.0,39.91,40.26,40.49,39.85
2025-04-02,39.219,39.459,39.999,38.879,5006625.0,40.4,40.64,41.18,40.06
2025-04-03,38.799,36.969,38.799,36.729,13095860.0,39.98,38.15,39.98,37.91
2025-04-07,32.829,29.339,33.309,29.339,17705460.0,34.01,30.52,34.49,30.52
2025-04-08,29.509,29.049,30.719,28.439,17058470.0,30.69,30.23,31.9,29.62
2025-04-09,28.319,28.609,29.419,25.819,18381286.0,29.5,29.79,30.6,27.0
2025-04-10,31.319,30.079,31.379,29.699,18474024.0,32.5,31.26,32.56,30.88
2025-04-11,30.059,30.519,30.969,29.429,15953077.0,31.24,31.7,32.15,30.61
2025-04-14,31.509,31.279,32.199,30.699,15352445.0,32.69,32.46,33.38,31.88
2025-04-15,31.169,30.899,31.399,30.669,7760802.0,32.35,32.08,32.58,31.85
2025-04-16,30.569,29.439,30.689,28.919,18649562.0,31.75,30.62,31.87,30.1
2025-04-17,28.899,29.379,29.929,28.819,9584283.0,30.08,30.56,31.11,30.0
2025-04-18,29.499,29.519,29.759,29.119,6470979.0,30.68,30.7,30.94,30.3
2025-04-21,29.549,30.009,30.049,29.179,7359821.0,30.73,31.19,31.23,30.36
2025-04-22,29.829,29.219,30.059,29.179,9235745.0,31.01,30.4,31.24,30.36
2025-04-23,29.639,30.559,31.139,29.629,15997367.0,30.82,31.74,32.32,30.81
2025-04-24,30.319,29.629,30.509,29.499,11048454.0,31.5,30.81,31.69,30.68
2025-04-25,29.819,29.929,30.399,29.639,8598155.0,31.0,31.11,31.58,30.82
2025-04-28,30.129,29.729,30.689,29.639,7195651.0,31.31,30.91,31.87,30.82
2025-04-29,29.669,29.899,30.209,29.349,6580321.0,30.85,31.08,31.39,30.53
2025-04-30,29.819,30.699,30.879,29.489,10752625.0,31.0,31.88,32.06,30.67
2025-05-06,31.009,31.539,31.599,30.999,10182541.0,32.19,32.72,32.78,32.18
2025-05-07,32.359,31.889,32.749,31.329,12141929.0,33.54,33.07,33.93,32.51
2025-05-08,31.709,32.309,32.379,31.649,9097729.0,32.89,33.49,33.56,32.83
2025-05-09,32.299,31.029,32.299,30.889,12635586.0,33.48,32.21,33.48,32.07
2025-05-12,31.729,32.029,32.279,31.519,11469157.0,32.91,33.21,33.46,32.7
2025-05-13,33.269,32.939,33.619,32.769,21684783.0,34.45,34.12,34.8,33.95
2025-05-14,33.039,33.119,33.619,32.679,14587423.0,34.22,34.3,34.8,33.86
2025-05-15,32.979,32.009,32.979,31.919,9208039.0,34.16,33.19,34.16,33.1
2025-05-16,31.849,31.659,32.199,31.629,6709968.0,33.03,32.84,33.38,32.81
2025-05-19,31.599,31.439,31.729,30.989,5091164.0,32.78,32.62,32.91,32.17
2025-05-20,31.309,31.909,31.949,31.229,5378025.0,32.49,33.09,33.13,32.41
2025-05-21,31.999,31.439,32.079,31.399,5020638.0,33.18,32.62,33.26,32.58
2025-05-22,31.279,31.109,32.479,31.059,7303129.0,32.46,32.29,33.66,32.24
2025-05-23,31.251,31.091,31.741,30.451,6664653.0,31.93,31.77,32.42,31.13
2025-05-26,31.321,31.631,31.801,30.951,5881119.0,32.0,32.31,32.48,31.63
2025-05-27,31.571,30.901,31.611,30.671,5770591.0,32.25,31.58,32.29,31.35
2025-05-28,30.771,29.991,30.921,29.781,7870589.0,31.45,30.67,31.6,30.46
2025-05-29,30.181,30.871,30.881,30.021,6892722.0,30.86,31.55,31.56,30.7
2025-05-30,30.451,30.421,30.621,30.291,4891766.0,31.13,31.1,31.3,30.97
2025-06-03,30.131,30.171,30.591,30.101,3975071.0,30.81,30.85,31.27,30.78
2025-06-04,30.201,30.691,31.101,30.201,6213744.0,30.88,31.37,31.78,30.88
2025-06-05,30.951,32.131,32.431,30.511,12737277.0,31.63,32.81,33.11,31.19
2025-06-06,31.931,31.971,32.721,31.761,5731552.0,32.61,32.65,33.4,32.44
2025-06-09,32.181,32.321,32.671,31.921,6605251.0,32.86,33.0,33.35,32.6
2025-06-10,32.371,31.651,32.561,31.271,6789857.0,33.05,32.33,33.24,31.95
2025-06-11,31.771,31.821,32.161,31.541,5999321.0,32.45,32.5,32.84,32.22
2025-06-12,31.691,31.451,32.041,31.381,6840590.0,32.37,32.13,32.72,32.06
2025-06-13,31.321,30.871,31.801,30.321,12685038.0,32.0,31.55,32.48,31.0
2025-06-16,30.531,31.791,32.311,30.531,11194015.0,31.21,32.47,32.99,31.21
2025-06-17,32.081,31.511,32.081,31.331,5190881.0,32.76,32.19,32.76,32.01
2025-06-18,31.521,31.421,31.721,30.971,4858130.0,32.2,32.1,32.4,31.65
2025-06-19,31.341,30.841,31.781,30.701,5341245.0,32.02,31.52,32.46,31.38
2025-06-20,30.731,30.691,31.401,30.521,4855728.0,31.41,31.37,32.08,31.2
2025-06-23,30.451,30.811,31.011,30.361,3766313.0,31.13,31.49,31.69,31.04
2025-06-24,31.081,31.821,32.111,30.901,8048734.0,31.76,32.5,32.79,31.58
2025-06-25,31.921,32.261,32.471,31.761,8103988.0,32.6,32.94,33.15,32.44
2025-06-26,32.271,31.771,32.601,31.731,6194716.0,32.95,32.45,33.28,32.41
2025-06-27,31.771,32.301,32.781,31.541,10507971.0,32.45,32.98,33.46,32.22
2025-06-30,32.151,32.771,33.121,32.141,8424804.0,32.83,33.45,33.8,32.82
2025-07-01,32.571,32.871,33.121,32.221,7185528.0,33.25,33.55,33.8,32.9
2025-07-02,32.821,32.601,33.111,32.291,4871389.0,33.5,33.28,33.79,32.97
2025-07-03,32.471,32.401,32.771,32.231,4557602.0,33.15,33.08,33.45,32.91
2025-07-04,32.361,32.641,33.311,32.251,8525043.0,33.04,33.32,33.99,32.93
2025-07-07,32.561,32.951,33.111,32.221,6685712.0,33.24,33.63,33.79,32.9
2025-07-08,32.871,34.381,34.901,32.731,14788353.0,33.55,35.06,35.58,33.41
2025-07-09,34.011,34.151,34.971,34.011,10623760.0,34.69,34.83,35.65,34.69
2025-07-10,34.001,34.011,34.821,33.881,8101962.0,34.68,34.69,35.5,34.56
2025-07-11,34.001,34.061,34.181,33.511,6378397.0,34.68,34.74,34.86,34.19
2025-07-14,34.301,34.701,35.011,34.161,7827808.0,34.98,35.38,35.69,34.84
2025-07-15,34.601,34.141,35.051,34.121,8758659.0,35.28,34.82,35.73,34.8
2025-07-16,34.151,35.051,35.681,34.141,10879365.0,34.83,35.73,36.36,34.82
2025-07-17,34.961,35.321,35.441,34.611,8465801.0,35.64,36.0,36.12,35.29
2025-07-18,35.781,36.001,36.291,35.371,13869956.0,36.46,36.68,36.97,36.05
2025-07-21,36.921,38.221,38.281,36.571,22964988.0,37.6,38.9,38.96,37.25
2025-07-22,38.431,37.821,38.661,37.471,17587353.0,39.11,38.5,39.34,38.15
2025-07-23,39.301,36.591,39.711,36.521,21506034.0,39.98,37.27,40.39,37.2
2025-07-24,36.351,39.701,40.291,36.191,33230448.0,37.03,40.38,40.97,36.87
2025-07-25,39.321,37.281,39.321,37.221,23716044.0,40.0,37.96,40.0,37.9
2025-07-28,37.521,37.081,37.521,36.701,12202392.0,38.2,37.76,38.2,37.38
2025-07-29,37.181,37.541,37.631,36.121,14062129.0,37.86,38.22,38.31,36.8
2025-07-30,37.311,36.821,37.311,36.621,9484690.0,37.99,37.5,37.99,37.3
2025-07-31,36.811,37.221,37.631,36.351,12130351.0,37.49,37.9,38.31,37.03
2025-08-01,37.121,39.831,40.821,37.021,31503964.0,37.8,40.51,41.5,37.7
2025-08-04,41.811,41.481,42.321,40.621,30429870.0,42.49,42.16,43.0,41.3
2025-08-05,41.691,41.381,42.041,40.991,15162130.0,42.37,42.06,42.72,41.67
2025-08-06,41.681,43.611,44.321,41.121,23612461.0,42.36,44.29,45.0,41.8
2025-08-07,43.181,42.101,43.321,41.411,17488480.0,43.86,42.78,44.0,42.09
2025-08-08,41.871,42.311,43.621,41.711,12767972.0,42.55,42.99,44.3,42.39
2025-08-11,42.941,45.081,46.421,42.941,20968071.0,43.62,45.76,47.1,43.62
2025-08-12,46.701,45.041,47.821,44.521,21196623.0,47.38,45.72,48.5,45.2
2025-08-13,44.401,46.511,47.271,44.401,17322937.0,45.08,47.19,47.95,45.08
2025-08-14,46.041,45.941,46.721,44.941,17875315.0,46.72,46.62,47.4,45.62
2025-08-15,45.801,51.221,52.421,45.691,26358023.0,46.48,51.9,53.1,46.37
2025-08-18,53.821,53.621,55.821,52.091,29053923.0,54.5,54.3,56.5,52.77
2025-08-19,53.991,53.901,55.551,52.681,21015189.0,54.67,54.58,56.23,53.36
2025-08-20,52.501,53.821,54.501,50.831,14513695.0,53.18,54.5,55.18,51.51
2025-08-21,54.321,50.721,54.911,50.331,18199417.0,55.0,51.4,55.59,51.01
2025-08-22,50.871,51.441,52.521,50.521,12730793.0,51.55,52.12,53.2,51.2
2025-08-25,53.481,55.531,57.401,53.481,24291472.0,54.16,56.21,58.08,54.16
2025-08-26,56.291,57.131,58.881,55.421,16337510.0,56.97,57.81,59.56,56.1
2025-08-27,56.651,54.861,59.921,54.861,19409363.0,57.33,55.54,60.6,55.54
2025-08-28,54.821,58.171,58.491,54.821,17203389.0,55.5,58.85,59.17,55.5
2025-08-29,59.321,59.361,61.671,58.351,17236777.0,60.0,60.04,62.35,59.03
2025-09-01,59.791,57.221,60.311,55.401,21519897.0,60.47,57.9,60.99,56.08
2025-09-02,56.621,53.241,58.291,52.901,24202566.0,57.3,53.92,58.97,53.58
2025-09-03,53.271,54.021,55.201,53.251,13596712.0,53.95,54.7,55.88,53.93
2025-09-04,55.021,51.421,55.641,49.731,20983603.0,55.7,52.1,56.32,50.41
2025-09-05,51.321,54.881,54.981,50.731,23058945.0,52.0,55.56,55.66,51.41
2025-09-08,54.711,49.741,54.821,49.521,24697605.0,55.39,50.42,55.5,50.2
2025-09-09,50.001,50.241,51.821,49.551,15636577.0,50.68,50.92,52.5,50.23
2025-09-10,50.321,51.171,52.181,50.321,12382159.0,51.0,51.85,52.86,51.0
2025-09-11,51.321,53.441,54.541,51.021,15178737.0,52.0,54.12,55.22,51.7
2025-09-12,53.521,52.871,55.491,52.851,16090576.0,54.2,53.55,56.17,53.53
2025-09-15,52.321,51.801,53.071,51.121,13520989.0,53.0,52.48,53.75,51.8
2025-09-16,51.511,52.541,53.351,51.021,12967738.0,52.19,53.22,54.03,51.7
2025-09-17,52.671,55.011,55.341,52.041,18522957.0,53.35,55.69,56.02,52.72
2025-09-18,54.381,54.231,56.091,53.121,17249756.0,55.06,54.91,56.77,53.8
2025-09-19,53.741,56.041,56.941,53.621,15485974.0,54.42,56.72,57.62,54.3
2025-09-22,56.081,57.201,57.611,55.121,12270116.0,56.76,57.88,58.29,55.8
2025-09-23,58.201,55.761,60.181,54.121,15404317.0,58.88,56.44,60.86,54.8
2025-09-24,54.981,55.881,56.491,53.721,13529571.0,55.66,56.56,57.17,54.4
2025-09-25,56.051,55.501,57.201,54.821,8366792.0,56.73,56.18,57.88,55.5
2025-09-26,55.321,52.241,55.621,51.821,11127865.0,56.0,52.92,56.3,52.5
2025-09-29,53.011,52.901,54.081,52.471,11464411.0,53.69,53.58,54.76,53.15
2025-09-30,53.051,52.221,53.661,52.201,8699515.0,53.73,52.9,54.34,52.88
2025-10-09,52.821,54.251,55.901,52.821,16115773.0,53.5,54.93,56.58,53.5
2025-10-10,54.281,58.091,63.021,54.281,33960340.0,54.96,58.77,63.7,54.96
2025-10-13,54.301,56.671,58.111,54.301,24217201.0,54.98,57.35,58.79,54.98
2025-10-14,59.321,57.161,63.841,56.851,32561397.0,60.0,57.84,64.52,57.53
2025-10-15,56.671,68.731,68.731,56.671,38682109.0,57.35,69.41,69.41,57.35
2025-10-16,74.051,70.971,74.201,66.201,48476731.0,74.73,71.65,74.88,66.88
2025-10-17,71.151,62.141,71.611,61.621,36376868.0,71.83,62.82,72.29,62.3
2025-10-20,64.121,63.461,66.521,62.531,23998952.0,64.8,64.14,67.2,63.21
2025-10-21,63.101,64.941,67.781,62.321,27231805.0,63.78,65.62,68.46,63.0
2025-10-22,63.821,61.621,64.721,61.121,18467715.0,64.5,62.3,65.4,61.8
2025-10-23,61.071,58.991,61.321,58.271,18823850.0,61.75,59.67,62.0,58.95
2025-10-24,59.651,63.951,65.581,59.511,24883924.0,60.33,64.63,66.26,60.19
2025-10-27,66.191,66.821,67.831,65.031,25690849.0,66.87,67.5,68.51,65.71
2025-10-28,66.821,67.311,68.621,65.871,22805708.0,67.5,67.99,69.3,66.55
2025-10-29,69.141,74.921,77.721,67.831,32385752.0,69.82,75.6,78.4,68.51
2025-10-30,74.921,72.581,77.651,72.431,30420934.0,75.6,73.26,78.33,73.11
2025-10-31,72.581,67.801,73.621,67.471,29739059.0,73.26,68.48,74.3,68.15
2025-11-03,68.981,72.621,75.591,68.211,31897083.0,69.66,73.3,76.27,68.89
2025-11-04,75.021,73.221,79.201,71.761,31898448.0,75.7,73.9,79.88,72.44
2025-11-05,68.031,86.611,88.001,68.021,54308688.0,68.71,87.29,88.68,68.7
2025-11-06,84.321,87.891,91.121,82.101,45847589.0,85.0,88.57,91.8,82.78
2025-11-07,86.321,91.501,95.821,86.321,37531325.0,87.0,92.18,96.5,87.0
2025-11-10,91.831,90.331,94.581,85.501,38582882.0,92.51,91.01,95.26,86.18
2025-11-11,90.731,83.121,91.311,82.171,37834349.0,91.41,83.8,91.99,82.85
2025-11-12,81.331,78.891,82.101,77.011,33831494.0,82.01,79.57,82.78,77.69
2025-11-13,78.321,78.631,80.861,77.321,26201063.0,79.0,79.31,81.54,78.0
2025-11-14,76.521,76.841,81.671,76.471,29021233.0,77.2,77.52,82.35,77.15
2025-11-17,76.821,79.321,79.891,75.451,20360500.0,77.5,80.0,80.57,76.13
2025-11-18,78.331,73.991,78.331,72.421,24898761.0,79.01,74.67,79.01,73.1
2025-11-19,74.191,74.171,75.541,73.691,12776208.0,74.87,74.85,76.22,74.37
2025-11-20,78.101,76.201,78.751,74.171,18294514.0,78.78,76.88,79.43,74.85
2025-11-21,73.001,71.821,76.671,71.761,23313471.0,73.68,72.5,77.35,72.44
2025-11-24,72.521,71.321,73.091,69.631,15887076.0,73.2,72.0,73.77,70.31
2025-11-25,73.141,76.101,78.471,72.961,20836136.0,73.82,76.78,79.15,73.64
2025-11-26,75.221,77.401,79.701,73.581,21388359.0,75.9,78.08,80.38,74.26
2025-11-27,77.421,74.521,80.321,73.831,18723090.0,78.1,75.2,81.0,74.51
2025-11-28,73.331,81.181,82.941,72.791,26067698.0,74.01,81.86,83.62,73.47
2025-12-01,81.321,79.151,82.511,78.121,18858210.0,82.0,79.83,83.19,78.8
2025-12-02,79.141,78.411,81.121,77.401,11818144.0,79.82,79.09,81.8,78.08
2025-12-03,77.571,76.801,79.321,76.351,9852235.0,78.25,77.48,80.0,77.03
2025-12-04,75.611,77.571,77.981,73.741,11434674.0,76.29,78.25,78.66,74.42
2025-12-05,77.821,80.351,81.821,76.931,17535231.0,78.5,81.03,82.5,77.61
2025-12-08,81.521,82.671,84.091,79.971,15182523.0,82.2,83.35,84.77,80.65
2025-12-09,81.471,81.671,83.321,79.761,14050778.0,82.15,82.35,84.0,80.44
2025-12-10,81.521,83.301,84.191,78.621,17597246.0,82.2,83.98,84.87,79.3
2025-12-11,84.621,78.331,86.261,78.331,18097605.0,85.3,79.01,86.94,79.01
2025-12-12,79.301,82.621,84.311,78.841,19384720.0,79.98,83.3,84.99,79.52
2025-12-15,81.321,84.631,86.021,80.741,18480895.0,82.0,85.31,86.7,81.42
2025-12-16,83.321,80.241,83.821,78.911,15068840.0,84.0,80.92,84.5,79.59
2025-12-17,79.321,88.041,95.321,74.821,32138172.0,80.0,88.72,96.0,75.5
2025-12-18,83.321,81.321,84.491,81.321,21084873.0,84.0,82.0,85.17,82.0
2025-12-19,84.321,82.501,85.101,81.971,13816869.0,85.0,83.18,85.78,82.65
2025-12-22,83.321,89.031,94.191,83.151,31018712.0,84.0,89.71,94.87,83.83
2025-12-23,87.821,86.391,90.121,86.321,21757882.0,88.5,87.07,90.8,87.0
2025-12-24,86.681,89.881,92.541,86.021,22269467.0,87.36,90.56,93.22,86.7
2025-12-25,87.721,89.631,93.011,87.711,16710850.0,88.4,90.31,93.69,88.39
2025-12-26,88.821,92.781,95.521,86.511,22835380.0,89.5,93.46,96.2,87.19
2025-12-29,92.181,90.501,92.301,89.121,15615747.0,92.86,91.18,92.98,89.8
2025-12-30,89.881,90.371,92.321,86.761,17000838.0,90.56,91.05,93.0,87.44
2025-12-31,93.671,89.661,95.001,89.321,14256054.0,94.35,90.34,95.68,90.0
2026-01-05,88.821,89.341,91.971,88.501,14182114.0,89.5,90.02,92.65,89.18
2026-01-06,88.801,85.661,89.331,84.451,20872743.0,89.48,86.34,90.01,85.13
2026-01-07,84.981,86.211,88.671,84.851,15629476.0,85.66,86.89,89.35,85.53
2026-01-08,87.121,85.381,89.301,85.211,16567544.0,87.8,86.06,89.98,85.89
2026-01-09,84.601,87.551,89.601,83.691,18639726.0,85.28,88.23,90.28,84.37
2026-01-12,88.221,87.491,92.701,82.381,27325151.0,88.9,88.17,93.38,83.06
2026-01-13,86.321,92.271,95.311,82.921,39134868.0,87.0,92.95,95.99,83.6
2026-01-14,92.321,96.261,102.311,90.601,38004660.0,93.0,96.94,102.99,91.28
2026-01-15,95.121,95.321,98.771,91.701,24174240.0,95.8,96.0,99.45,92.38
2026-01-16,100.341,97.301,105.321,96.601,28014559.0,101.02,97.98,106.0,97.28
2026-01-19,95.321,105.561,106.921,95.321,27137244.0,96.0,106.24,107.6,96.0
2026-01-20,104.321,101.111,106.741,100.321,23117494.0,105.0,101.79,107.42,101.0
2026-01-21,98.221,101.041,101.671,97.021,15981314.0,98.9,101.72,102.35,97.7
2026-01-22,100.031,97.951,102.281,97.321,13190496.0,100.71,98.63,102.96,98.0
2026-01-23,97.421,98.231,101.131,97.421,13258335.0,98.1,98.91,101.81,98.1
2026-01-26,98.221,95.311,99.591,94.121,15865143.0,98.9,95.99,100.27,94.8
2026-01-27,95.431,96.691,97.141,92.431,13454670.0,96.11,97.37,97.82,93.11
2026-01-28,95.921,97.611,98.501,93.611,15567171.0,96.6,98.29,99.18,94.29
2026-01-29,96.631,92.321,97.601,92.171,13778054.0,97.31,93.0,98.28,92.85
2026-01-30,91.401,90.841,92.171,85.851,15676711.0,92.08,91.52,92.85,86.53
2026-02-02,95.311,93.421,99.221,92.981,24773961.0,95.99,94.1,99.9,93.66
2026-02-03,92.821,97.521,98.101,92.821,19271765.0,93.5,98.2,98.78,93.5
2026-02-04,99.321,103.121,105.301,98.901,28593629.0,100.0,103.8,105.98,99.58
2026-02-05,101.321,92.381,101.831,92.021,22233125.0,102.0,93.06,102.51,92.7
2026-02-06,91.041,92.121,95.821,89.421,11940355.0,91.72,92.8,96.5,90.1
2026-02-09,93.941,93.591,95.401,90.501,15390394.0,94.62,94.27,96.08,91.18
2026-02-10,92.431,92.121,94.531,91.821,9042030.0,93.11,92.8,95.21,92.5
2026-02-11,92.111,89.971,94.021,89.831,10822809.0,92.79,90.65,94.7,90.51
2026-02-12,91.201,98.421,100.521,91.071,28242943.0,91.88,99.1,101.2,91.75
2026-02-13,97.321,95.161,97.901,94.621,13002524.0,98.0,95.84,98.58,95.3
2026-02-24,96.321,99.701,101.541,95.321,18425259.0,97.0,100.38,102.22,96.0
2026-02-25,99.821,101.201,101.301,98.831,13435204.0,100.5,101.88,101.98,99.51
2026-02-26,98.141,103.201,104.191,97.321,17848451.0,98.82,103.88,104.87,98.0
2026-02-27,100.741,99.971,102.821,99.321,11607049.0,101.42,100.65,103.5,100.0
2026-03-02,97.671,99.681,102.621,97.621,12609246.0,98.35,100.36,103.3,98.3
2026-03-03,99.381,92.411,99.381,92.201,17641467.0,100.06,93.09,100.06,92.88
2026-03-04,90.331,94.901,98.521,90.331,16432822.0,91.01,95.58,99.2,91.01
2026-03-05,98.021,100.501,104.971,97.381,24841933.0,98.7,101.18,105.65,98.06
2026-03-06,102.541,101.381,104.901,98.991,20393770.0,103.22,102.06,105.58,99.67
2026-03-09,98.421,99.901,101.711,94.321,20131303.0,99.1,100.58,102.39,95.0
2026-03-10,100.981,100.571,104.821,98.231,21527844.0,101.66,101.25,105.5,98.91
2026-03-11,99.561,95.921,99.561,95.781,21452490.0,100.24,96.6,100.24,96.46
2026-03-12,95.981,93.881,95.981,92.321,15962973.0,96.66,94.56,96.66,93.0
2026-03-13,93.611,93.301,95.421,92.331,10105370.0,94.29,93.98,96.1,93.01
2026-03-16,93.121,89.881,93.181,87.001,15112556.0,93.8,90.56,93.86,87.68
2026-03-17,88.921,82.321,89.891,81.531,19549721.0,89.6,83.0,90.57,82.21
2026-03-18,82.311,84.231,84.901,80.601,12806401.0,82.99,84.91,85.58,81.28
2026-03-19,81.691,81.001,82.821,80.321,12064062.0,82.37,81.68,83.5,81.0
2026-03-20,81.821,79.721,82.871,79.321,12764868.0,82.5,80.4,83.55,80.0
2026-03-23,77.431,77.951,81.821,76.741,13736918.0,78.11,78.63,82.5,77.42
2026-03-24,79.691,78.581,79.911,75.831,11503001.0,80.37,79.26,80.59,76.51
2026-03-25,79.491,79.941,82.201,79.421,11974777.0,80.17,80.62,82.88,80.1
2026-03-26,80.101,77.221,80.321,76.821,10819168.0,80.78,77.9,81.0,77.5
2026-03-27,75.921,76.891,78.261,75.921,8714999.0,76.6,77.57,78.94,76.6
2026-03-30,76.121,76.051,77.201,74.521,9975600.0,76.8,76.73,77.88,75.2
2026-03-31,75.971,73.821,76.821,73.641,10562374.0,76.65,74.5,77.5,74.32
2026-04-01,75.321,75.371,75.821,74.411,7248594.0,76.0,76.05,76.5,75.09
2026-04-02,74.821,72.321,75.811,71.621,10585514.0,75.5,73.0,76.49,72.3
2026-04-03,73.301,71.321,73.321,71.321,6341148.0,73.98,72.0,74.0,72.0
2026-04-07,71.541,70.091,72.671,69.901,8904639.0,72.22,70.77,73.35,70.58
2026-04-08,73.421,80.371,80.511,73.421,23642025.0,74.1,81.05,81.19,74.1
2026-04-09,79.001,84.091,84.901,78.121,24077159.0,79.68,84.77,85.58,78.8
2026-04-10,85.321,83.661,85.821,83.571,16016038.0,86.0,84.34,86.5,84.25
2026-04-13,82.191,82.581,84.321,81.321,15894794.0,82.87,83.26,85.0,82.0
2026-04-14,83.921,84.601,85.981,82.521,13984219.0,84.6,85.28,86.66,83.2
2026-04-15,86.321,84.821,88.321,84.461,15759151.0,87.0,85.5,89.0,85.14
2026-04-16,85.681,85.901,86.601,83.331,10486607.0,86.36,86.58,87.28,84.01
2026-04-17,85.821,86.761,87.901,84.341,13333169.0,86.5,87.44,88.58,85.02
2026-04-20,86.491,88.831,90.501,85.621,14866010.0,87.17,89.51,91.18,86.3
2026-04-21,90.001,87.521,90.151,86.521,9763876.0,90.68,88.2,90.83,87.2
2026-04-22,86.921,93.021,94.321,86.821,20877314.0,87.6,93.7,95.0,87.5
2026-04-23,94.321,91.851,97.091,89.641,21570372.0,95.0,92.53,97.77,90.32
2026-04-24,93.021,92.051,96.071,90.851,21905443.0,93.7,92.73,96.75,91.53
2026-04-27,91.221,89.351,91.321,88.721,12952761.0,91.9,90.03,92.0,89.4
2026-04-28,89.371,87.831,90.821,86.981,10384916.0,90.05,88.51,91.5,87.66
2026-04-29,87.921,88.091,88.801,86.431,7541158.0,88.6,88.77,89.48,87.11
2026-04-30,88.091,87.421,88.851,86.181,8478790.0,88.77,88.1,89.53,86.86
2026-05-06,88.231,90.381,92.001,88.231,13796595.0,88.91,91.06,92.68,88.91
2026-05-07,91.341,95.071,96.171,89.721,18357827.0,92.02,95.75,96.85,90.4
2026-05-08,94.13,91.21,94.25,89.88,15678997.0,94.13,91.21,94.25,89.88
2026-05-11,92.25,88.68,92.35,87.35,19595210.0,92.25,88.68,92.35,87.35
2026-05-12,89.1,87.64,90.37,87.01,16319853.0,89.1,87.64,90.37,87.01
2026-05-13,88.0,99.4,101.85,87.29,38305675.0,88.0,99.4,101.85,87.29
2026-05-14,101.54,96.2,102.18,95.31,22545973.0,101.54,96.2,102.18,95.31
2026-05-15,97.0,92.57,97.49,90.96,17994938.0,97.0,92.57,97.49,90.96
2026-05-18,93.53,96.3,101.33,93.53,22778649.0,93.53,96.3,101.33,93.53
2026-05-19,97.5,101.02,102.0,94.0,24030503.0,97.5,101.02,102.0,94.0
2026-05-20,100.2,102.2,103.28,98.68,15995509.0,100.2,102.2,103.28,98.68
2026-05-21,102.18,93.72,102.73,93.28,19391667.0,102.18,93.72,102.73,93.28
2026-05-22,95.5,96.07,97.59,93.03,15543090.0,95.5,96.07,97.59,93.03
2026-05-25,98.5,100.21,101.89,95.0,21639769.0,98.5,100.21,101.89,95.0
2026-05-26,99.05,96.08,99.97,94.49,15813071.0,99.05,96.08,99.97,94.49
2026-05-27,96.01,103.75,111.11,96.01,37130802.0,96.01,103.75,111.11,96.01
2026-05-28,105.0,105.15,105.8,102.01,20632501.0,105.0,105.15,105.8,102.01
2026-05-29,108.78,100.48,110.56,99.77,25043586.0,108.78,100.48,110.56,99.77
2026-06-01,100.48,100.69,106.92,100.01,20380402.0,100.48,100.69,106.92,100.01
2026-06-02,101.15,96.25,102.5,91.3,20957694.0,101.15,96.25,102.5,91.3
2026-06-03,94.8,95.99,101.57,92.76,20528153.0,94.8,95.99,101.57,92.76
2026-06-04,94.0,94.69,98.46,93.25,15351179.0,94.0,94.69,98.46,93.25
2026-06-05,95.09,89.92,95.09,88.0,20811243.0,95.09,89.92,95.09,88.0
2026-06-08,85.0,83.6,88.19,82.28,16371001.0,85.0,83.6,88.19,82.28
2026-06-09,85.18,85.98,86.28,83.6,11839288.0,85.18,85.98,86.28,83.6
2026-06-10,83.0,78.38,83.66,77.61,18394704.0,83.0,78.38,83.66,77.61
2026-06-11,78.43,80.69,83.38,78.43,13954465.0,78.43,80.69,83.38,78.43
2026-06-12,83.98,80.5,84.3,80.5,12301948.0,83.98,80.5,84.3,80.5
2026-06-15,83.0,90.86,91.04,81.8,18882258.0,83.0,90.86,91.04,81.8
2026-06-16,90.86,96.91,99.55,89.9,21100952.0,90.86,96.91,99.55,89.9
2026-06-17,98.0,92.75,98.0,91.03,21510917.0,98.0,92.75,98.0,91.03
2026-06-18,92.96,92.5,94.88,91.15,14717763.0,92.96,92.5,94.88,91.15
2026-06-22,93.93,92.35,95.66,90.14,23100108.0,93.93,92.35,95.66,90.14
2026-06-23,93.3,86.0,93.3,85.18,18409537.0,93.3,86.0,93.3,85.18
2026-06-24,85.59,89.28,90.48,84.0,16747473.0,85.59,89.28,90.48,84.0
2026-06-25,88.63,87.64,90.43,86.33,11821923.0,88.63,87.64,90.43,86.33
2026-06-26,88.53,82.0,89.61,81.1,16903659.0,88.53,82.0,89.61,81.1
2026-06-29,81.7,79.97,82.84,78.0,13714522.0,81.7,79.97,82.84,78.0
2026-06-30,81.07,84.64,87.22,80.5,17553390.0,81.07,84.64,87.22,80.5
2026-07-01,86.32,84.43,86.98,82.5,15645035.0,86.32,84.43,86.98,82.5
2026-07-02,81.43,79.0,83.66,79.0,12304593.0,81.43,79.0,83.66,79.0
2026-07-03,77.77,79.54,81.5,77.77,10842578.0,77.77,79.54,81.5,77.77
2026-07-06,82.82,82.74,86.67,82.42,16353500.0,82.82,82.74,86.67,82.42
2026-07-07,84.99,82.22,89.66,81.82,20080483.0,84.99,82.22,89.66,81.82
2026-07-08,83.0,77.35,83.3,77.33,13783253.0,83.0,77.35,83.3,77.33
2026-07-09,77.62,82.04,82.3,76.08,13456816.0,77.62,82.04,82.3,76.08
2026-07-10,81.5,77.81,81.98,77.78,13457549.0,81.5,77.81,81.98,77.78
2026-07-13,77.0,72.11,77.77,71.62,12217438.0,77.0,72.11,77.77,71.62
2026-07-14,72.9,73.16,73.44,69.13,10836706.0,72.9,73.16,73.44,69.13
2026-07-15,72.99,68.75,74.56,68.55,12445417.0,72.99,68.75,74.56,68.55
